=== Scheduler Starvation Test ===
# Logical CPUs: 16
# CLK_TCK: 100

# Starting high-priority load (nice -10)

# Starting victim group (nice 19)
Running in process mode with 2 groups using 8 file descriptors each (== 16 tasks)
Each sender will pass 120000 messages of 512 bytes
Running in process mode with 32 groups using 8 file descriptors each (== 256 tasks)
Each sender will pass 120000 messages of 512 bytes
# High-priority PIDs: 256
# Victim PIDs: 16
# Total PIDs being logged: 272
timestamp,starttime,pid,nice,utime,stime
Start logging...
1747351458.418728835,54213,879,-10,0,9
1747351458.418728835,54213,881,-10,1,8
1747351458.418728835,54213,883,-10,1,9
1747351458.418728835,54213,885,-10,0,9
1747351458.418728835,54213,887,-10,0,9
1747351458.418728835,54213,889,-10,1,8
1747351458.418728835,54213,891,-10,1,9
1747351458.418728835,54213,893,-10,0,10
1747351458.418728835,54213,895,-10,0,5
1747351458.418728835,54213,897,-10,0,5
1747351458.418728835,54213,899,-10,0,5
1747351458.418728835,54213,901,-10,1,5
1747351458.418728835,54213,903,-10,0,6
1747351458.418728835,54213,905,-10,0,6
1747351458.418728835,54213,907,-10,1,5
1747351458.418728835,54213,909,-10,0,6
1747351458.418728835,54213,910,-10,3,7
1747351458.418728835,54213,911,-10,2,8
1747351458.418728835,54213,912,-10,1,8
1747351458.418728835,54213,913,-10,1,8
1747351458.418728835,54213,914,-10,0,10
1747351458.418728835,54213,915,-10,1,9
1747351458.418728835,54213,916,-10,2,8
1747351458.418728835,54213,917,-10,1,9
1747351458.418728835,54213,918,-10,1,7
1747351458.418728835,54213,919,-10,1,7
1747351458.418728835,54213,920,-10,1,7
1747351458.418728835,54213,921,-10,0,7
1747351458.418728835,54213,922,-10,1,7
1747351458.418728835,54213,923,-10,1,7
1747351458.418728835,54213,924,-10,1,8
1747351458.418728835,54213,925,-10,2,6
1747351458.418728835,54213,926,-10,0,2
1747351458.418728835,54213,927,-10,0,2
1747351458.418728835,54213,928,-10,1,2
1747351458.418728835,54213,929,-10,0,2
1747351458.418728835,54213,930,-10,0,2
1747351458.418728835,54213,931,-10,0,2
1747351458.418728835,54213,932,-10,0,2
1747351458.418728835,54213,933,-10,0,2
1747351458.418728835,54213,934,-10,0,2
1747351458.418728835,54213,935,-10,0,2
1747351458.418728835,54213,936,-10,0,3
1747351458.418728835,54213,937,-10,0,3
1747351458.418728835,54213,938,-10,0,3
1747351458.418728835,54213,939,-10,0,3
1747351458.418728835,54213,940,-10,0,3
1747351458.418728835,54213,941,-10,0,2
1747351458.418728835,54213,942,-10,2,7
1747351458.418728835,54213,943,-10,0,9
1747351458.418728835,54213,944,-10,0,9
1747351458.418728835,54213,945,-10,0,9
1747351458.418728835,54213,946,-10,0,9
1747351458.418728835,54213,947,-10,1,9
1747351458.418728835,54213,948,-10,3,7
1747351458.418728835,54213,949,-10,0,10
1747351458.418728835,54213,950,-10,0,5
1747351458.418728835,54213,951,-10,0,5
1747351458.418728835,54213,952,-10,0,5
1747351458.418728835,54213,953,-10,1,6
1747351458.418728835,54213,954,-10,1,4
1747351458.418728835,54213,955,-10,0,6
1747351458.418728835,54213,956,-10,0,5
1747351458.418728835,54213,957,-10,1,5
1747351458.418728835,54213,958,-10,0,5
1747351458.418728835,54213,959,-10,0,6
1747351458.418728835,54213,960,-10,0,6
1747351458.418728835,54213,961,-10,0,6
1747351458.418728835,54213,962,-10,0,5
1747351458.418728835,54213,963,-10,0,7
1747351458.418728835,54213,964,-10,1,5
1747351458.418728835,54213,965,-10,0,6
1747351458.418728835,54213,966,-10,0,3
1747351458.418728835,54213,967,-10,2,4
1747351458.418728835,54213,968,-10,0,7
1747351458.418728835,54213,969,-10,1,2
1747351458.418728835,54213,970,-10,1,3
1747351458.418728835,54213,971,-10,1,6
1747351458.418728835,54213,972,-10,0,3
1747351458.418728835,54213,973,-10,0,4
1747351458.418728835,54213,974,-10,0,2
1747351458.418728835,54213,975,-10,0,2
1747351458.418728835,54213,976,-10,0,3
1747351458.418728835,54213,977,-10,0,3
1747351458.418728835,54213,978,-10,0,3
1747351458.418728835,54213,979,-10,0,3
1747351458.418728835,54213,980,-10,1,2
1747351458.418728835,54213,981,-10,0,3
1747351458.418728835,54213,982,-10,0,2
1747351458.418728835,54213,983,-10,0,2
1747351458.418728835,54213,984,-10,2,0
1747351458.418728835,54213,985,-10,0,2
1747351458.418728835,54213,986,-10,0,2
1747351458.418728835,54213,987,-10,0,2
1747351458.418728835,54213,988,-10,0,2
1747351458.418728835,54213,989,-10,0,2
1747351458.418728835,54213,990,-10,0,2
1747351458.418728835,54213,991,-10,0,3
1747351458.418728835,54213,992,-10,0,2
1747351458.418728835,54213,993,-10,0,2
1747351458.418728835,54213,994,-10,0,2
1747351458.418728835,54213,995,-10,0,3
1747351458.418728835,54213,996,-10,0,2
1747351458.418728835,54213,997,-10,0,2
1747351458.418728835,54213,998,-10,1,3
1747351458.418728835,54213,999,-10,1,3
1747351458.418728835,54213,1000,-10,0,3
1747351458.418728835,54213,1001,-10,1,3
1747351458.418728835,54213,1002,-10,0,4
1747351458.418728835,54213,1003,-10,0,4
1747351458.418728835,54213,1004,-10,1,3
1747351458.418728835,54213,1005,-10,0,4
1747351458.418728835,54213,1006,-10,1,8
1747351458.418728835,54213,1007,-10,2,7
1747351458.418728835,54213,1008,-10,2,7
1747351458.418728835,54213,1009,-10,2,7
1747351458.418728835,54213,1010,-10,0,9
1747351458.418728835,54213,1011,-10,1,8
1747351458.418728835,54213,1012,-10,1,8
1747351458.418728835,54213,1013,-10,0,9
1747351458.418728835,54213,1014,-10,2,5
1747351458.418728835,54213,1015,-10,3,4
1747351458.418728835,54213,1016,-10,0,7
1747351458.418728835,54213,1017,-10,2,5
1747351458.418728835,54213,1018,-10,1,6
1747351458.418728835,54213,1019,-10,1,6
1747351458.418728835,54213,1020,-10,1,6
1747351458.418728835,54213,1021,-10,0,7
1747351458.418728835,54213,1022,-10,0,4
1747351458.418728835,54213,1023,-10,0,4
1747351458.418728835,54213,1024,-10,1,3
1747351458.418728835,54213,1025,-10,0,5
1747351458.418728835,54213,1026,-10,0,5
1747351458.418728835,54214,1027,-10,0,5
1747351458.418728835,54214,1028,-10,1,4
1747351458.418728835,54214,1029,-10,0,5
1747351458.418728835,54214,1030,-10,0,2
1747351458.418728835,54214,1031,-10,0,2
1747351458.418728835,54214,1032,-10,0,2
1747351458.418728835,54214,1033,-10,0,1
1747351458.418728835,54214,1034,-10,0,2
1747351458.418728835,54214,1035,-10,0,1
1747351458.418728835,54214,1036,-10,0,2
1747351458.418728835,54214,1037,-10,0,2
1747351458.418728835,54214,1038,-10,0,3
1747351458.418728835,54214,1039,-10,0,6
1747351458.418728835,54214,1040,-10,0,4
1747351458.418728835,54214,1041,-10,1,3
1747351458.418728835,54214,1042,-10,0,4
1747351458.418728835,54214,1043,-10,0,4
1747351458.418728835,54214,1044,-10,0,4
1747351458.418728835,54214,1045,-10,0,4
1747351458.418728835,54214,1046,-10,0,4
1747351458.418728835,54214,1047,-10,0,4
1747351458.418728835,54214,1048,-10,0,4
1747351458.418728835,54214,1049,-10,0,4
1747351458.418728835,54214,1050,-10,0,4
1747351458.418728835,54214,1051,-10,0,4
1747351458.418728835,54214,1052,-10,0,4
1747351458.418728835,54214,1053,-10,0,4
1747351458.418728835,54214,1054,-10,0,5
1747351458.418728835,54214,1055,-10,1,4
1747351458.418728835,54214,1056,-10,0,5
1747351458.418728835,54214,1057,-10,0,5
1747351458.418728835,54214,1058,-10,0,5
1747351458.418728835,54214,1059,-10,0,7
1747351458.418728835,54214,1060,-10,1,4
1747351458.418728835,54214,1061,-10,0,5
1747351458.418728835,54214,1062,-10,0,2
1747351458.418728835,54214,1063,-10,0,2
1747351458.418728835,54214,1064,-10,0,2
1747351458.418728835,54214,1065,-10,0,2
1747351458.418728835,54214,1066,-10,0,2
1747351458.418728835,54214,1067,-10,0,2
1747351458.418728835,54214,1068,-10,0,2
1747351458.418728835,54214,1069,-10,0,2
1747351458.418728835,54214,1070,-10,0,1
1747351458.418728835,54214,1071,-10,0,2
1747351458.418728835,54214,1072,-10,0,2
1747351458.418728835,54214,1073,-10,0,2
1747351458.418728835,54214,1074,-10,1,1
1747351458.418728835,54214,1075,-10,0,2
1747351458.418728835,54214,1076,-10,0,2
1747351458.418728835,54214,1077,-10,0,1
1747351458.418728835,54214,1078,-10,1,3
1747351458.418728835,54214,1079,-10,0,4
1747351458.418728835,54214,1080,-10,0,4
1747351458.418728835,54214,1081,-10,0,3
1747351458.418728835,54214,1082,-10,0,4
1747351458.418728835,54214,1083,-10,0,4
1747351458.418728835,54214,1084,-10,0,4
1747351458.418728835,54214,1085,-10,1,3
1747351458.418728835,54214,1086,-10,0,4
1747351458.418728835,54214,1087,-10,1,4
1747351458.418728835,54214,1088,-10,1,4
1747351458.418728835,54214,1089,-10,1,4
1747351458.418728835,54214,1090,-10,0,5
1747351458.418728835,54214,1091,-10,0,5
1747351458.418728835,54214,1092,-10,2,3
1747351458.418728835,54214,1093,-10,1,4
1747351458.418728835,54214,1094,-10,0,2
1747351458.418728835,54214,1095,-10,0,2
1747351458.418728835,54214,1096,-10,0,2
1747351458.418728835,54214,1097,-10,0,2
1747351458.418728835,54214,1098,-10,0,2
1747351458.418728835,54214,1099,-10,0,2
1747351458.418728835,54214,1100,-10,0,1
1747351458.418728835,54214,1101,-10,1,1
1747351458.418728835,54214,1102,-10,0,2
1747351458.418728835,54214,1103,-10,1,1
1747351458.418728835,54214,1104,-10,0,2
1747351458.418728835,54214,1105,-10,0,2
1747351458.418728835,54214,1106,-10,0,2
1747351458.418728835,54214,1107,-10,1,2
1747351458.418728835,54214,1108,-10,0,2
1747351458.418728835,54214,1109,-10,0,2
1747351458.418728835,54214,1110,-10,1,6
1747351458.418728835,54214,1111,-10,1,6
1747351458.418728835,54214,1112,-10,2,5
1747351458.418728835,54214,1113,-10,1,5
1747351458.418728835,54214,1114,-10,1,6
1747351458.418728835,54214,1115,-10,1,6
1747351458.418728835,54214,1116,-10,0,7
1747351458.418728835,54214,1117,-10,1,6
1747351458.418728835,54214,1118,-10,0,8
1747351458.418728835,54214,1119,-10,0,8
1747351458.418728835,54214,1120,-10,0,3
1747351458.418728835,54214,1121,-10,1,8
1747351458.418728835,54214,1122,-10,0,9
1747351458.418728835,54214,1123,-10,0,9
1747351458.418728835,54214,1124,-10,0,10
1747351458.418728835,54214,1125,-10,0,0
1747351458.418728835,54214,1126,-10,0,0
1747351458.418728835,54214,1127,-10,0,0
1747351458.418728835,54214,1128,-10,0,0
1747351458.418728835,54214,1129,-10,0,0
1747351458.418728835,54214,1130,-10,0,0
1747351458.418728835,54214,1131,-10,0,0
1747351458.418728835,54214,1132,-10,0,0
1747351458.418728835,54214,1133,-10,0,0
1747351458.418728835,54214,1134,-10,0,4
1747351458.418728835,54214,1135,-10,0,4
1747351458.418728835,54214,1136,-10,1,6
1747351458.418728835,54214,1137,-10,2,2
1747351458.418728835,54214,1138,-10,0,5
1747351458.418728835,54214,1139,-10,0,5
1747351458.418728835,54214,1140,-10,1,3
1747351458.418728835,54214,1141,-10,0,6
1747351458.418728835,54214,1142,-10,0,1
1747351458.418728835,54214,1143,-10,0,1
1747351458.418728835,54214,1144,-10,0,2
1747351458.418728835,54214,1145,-10,1,0
1747351458.418728835,54214,1146,-10,0,3
1747351458.418728835,54214,1147,-10,0,2
1747351458.418728835,54214,1148,-10,0,1
1747351458.418728835,54214,1149,-10,0,0
1747351458.418728835,54213,878,19,0,1
1747351458.418728835,54213,880,19,0,1
1747351458.418728835,54213,882,19,0,1
1747351458.418728835,54213,884,19,0,1
1747351458.418728835,54213,886,19,0,1
1747351458.418728835,54213,888,19,0,1
1747351458.418728835,54213,890,19,0,1
1747351458.418728835,54213,892,19,0,1
1747351458.418728835,54213,894,19,0,0
1747351458.418728835,54213,896,19,0,0
1747351458.418728835,54213,898,19,0,0
1747351458.418728835,54213,900,19,0,0
1747351458.418728835,54213,902,19,0,0
1747351458.418728835,54213,904,19,0,0
1747351458.418728835,54213,906,19,0,0
1747351458.418728835,54213,908,19,0,0
end sample
1747351460.230477996,54213,879,-10,0,20
1747351460.230477996,54213,881,-10,5,29
1747351460.230477996,54213,883,-10,3,26
1747351460.230477996,54213,885,-10,2,28
1747351460.230477996,54213,887,-10,1,18
1747351460.230477996,54213,889,-10,1,36
1747351460.230477996,54213,891,-10,2,17
1747351460.230477996,54213,893,-10,0,32
1747351460.230477996,54213,895,-10,0,18
1747351460.230477996,54213,897,-10,2,16
1747351460.230477996,54213,899,-10,2,17
1747351460.230477996,54213,901,-10,3,13
1747351460.230477996,54213,903,-10,0,13
1747351460.230477996,54213,905,-10,2,23
1747351460.230477996,54213,907,-10,3,20
1747351460.230477996,54213,909,-10,0,12
1747351460.230477996,54213,910,-10,5,16
1747351460.230477996,54213,911,-10,5,23
1747351460.230477996,54213,912,-10,4,24
1747351460.230477996,54213,913,-10,5,19
1747351460.230477996,54213,914,-10,1,24
1747351460.230477996,54213,915,-10,2,22
1747351460.230477996,54213,916,-10,3,22
1747351460.230477996,54213,917,-10,4,21
1747351460.230477996,54213,918,-10,3,16
1747351460.230477996,54213,919,-10,3,16
1747351460.230477996,54213,920,-10,4,15
1747351460.230477996,54213,921,-10,3,16
1747351460.230477996,54213,922,-10,4,15
1747351460.230477996,54213,923,-10,2,18
1747351460.230477996,54213,924,-10,3,17
1747351460.230477996,54213,925,-10,4,15
1747351460.230477996,54213,926,-10,1,9
1747351460.230477996,54213,927,-10,1,10
1747351460.230477996,54213,928,-10,2,8
1747351460.230477996,54213,929,-10,1,9
1747351460.230477996,54213,930,-10,0,10
1747351460.230477996,54213,931,-10,0,11
1747351460.230477996,54213,932,-10,0,10
1747351460.230477996,54213,933,-10,1,9
1747351460.230477996,54213,934,-10,0,10
1747351460.230477996,54213,935,-10,1,9
1747351460.230477996,54213,936,-10,0,10
1747351460.230477996,54213,937,-10,0,10
1747351460.230477996,54213,938,-10,0,11
1747351460.230477996,54213,939,-10,0,10
1747351460.230477996,54213,940,-10,1,9
1747351460.230477996,54213,941,-10,2,9
1747351460.230477996,54213,942,-10,4,17
1747351460.230477996,54213,943,-10,2,27
1747351460.230477996,54213,944,-10,2,27
1747351460.230477996,54213,945,-10,1,19
1747351460.230477996,54213,946,-10,1,17
1747351460.230477996,54213,947,-10,1,27
1747351460.230477996,54213,948,-10,3,24
1747351460.230477996,54213,949,-10,0,18
1747351460.230477996,54213,950,-10,2,13
1747351460.230477996,54213,951,-10,3,15
1747351460.230477996,54213,952,-10,2,22
1747351460.230477996,54213,953,-10,3,16
1747351460.230477996,54213,954,-10,1,14
1747351460.230477996,54213,955,-10,1,18
1747351460.230477996,54213,956,-10,1,15
1747351460.230477996,54213,957,-10,2,17
1747351460.230477996,54213,958,-10,2,17
1747351460.230477996,54213,959,-10,1,17
1747351460.230477996,54213,960,-10,0,18
1747351460.230477996,54213,961,-10,1,18
1747351460.230477996,54213,962,-10,0,19
1747351460.230477996,54213,963,-10,1,18
1747351460.230477996,54213,964,-10,2,17
1747351460.230477996,54213,965,-10,2,17
1747351460.230477996,54213,966,-10,1,15
1747351460.230477996,54213,967,-10,4,18
1747351460.230477996,54213,968,-10,3,19
1747351460.230477996,54213,969,-10,2,15
1747351460.230477996,54213,970,-10,2,17
1747351460.230477996,54213,971,-10,3,15
1747351460.230477996,54213,972,-10,2,17
1747351460.230477996,54213,973,-10,2,18
1747351460.230477996,54213,974,-10,1,9
1747351460.230477996,54213,975,-10,1,9
1747351460.230477996,54213,976,-10,0,10
1747351460.230477996,54213,977,-10,0,10
1747351460.230477996,54213,978,-10,1,9
1747351460.230477996,54213,979,-10,0,10
1747351460.230477996,54213,980,-10,2,8
1747351460.230477996,54213,981,-10,1,10
1747351460.230477996,54213,982,-10,0,16
1747351460.230477996,54213,983,-10,1,15
1747351460.230477996,54213,984,-10,3,14
1747351460.230477996,54213,985,-10,0,17
1747351460.230477996,54213,986,-10,3,14
1747351460.230477996,54213,987,-10,1,16
1747351460.230477996,54213,988,-10,1,17
1747351460.230477996,54213,989,-10,1,16
1747351460.230477996,54213,990,-10,2,13
1747351460.230477996,54213,991,-10,2,16
1747351460.230477996,54213,992,-10,2,14
1747351460.230477996,54213,993,-10,1,16
1747351460.230477996,54213,994,-10,4,14
1747351460.230477996,54213,995,-10,1,15
1747351460.230477996,54213,996,-10,2,13
1747351460.230477996,54213,997,-10,0,15
1747351460.230477996,54213,998,-10,3,13
1747351460.230477996,54213,999,-10,2,14
1747351460.230477996,54213,1000,-10,2,14
1747351460.230477996,54213,1001,-10,3,13
1747351460.230477996,54213,1002,-10,3,14
1747351460.230477996,54213,1003,-10,2,14
1747351460.230477996,54213,1004,-10,3,13
1747351460.230477996,54213,1005,-10,2,14
1747351460.230477996,54213,1006,-10,4,15
1747351460.230477996,54213,1007,-10,5,15
1747351460.230477996,54213,1008,-10,4,15
1747351460.230477996,54213,1009,-10,3,16
1747351460.230477996,54213,1010,-10,1,18
1747351460.230477996,54213,1011,-10,2,17
1747351460.230477996,54213,1012,-10,4,15
1747351460.230477996,54213,1013,-10,1,18
1747351460.230477996,54213,1014,-10,4,16
1747351460.230477996,54213,1015,-10,4,16
1747351460.230477996,54213,1016,-10,0,19
1747351460.230477996,54213,1017,-10,4,16
1747351460.230477996,54213,1018,-10,2,18
1747351460.230477996,54213,1019,-10,4,16
1747351460.230477996,54213,1020,-10,3,18
1747351460.230477996,54213,1021,-10,1,19
1747351460.230477996,54213,1022,-10,4,12
1747351460.230477996,54213,1023,-10,2,14
1747351460.230477996,54213,1024,-10,3,13
1747351460.230477996,54213,1025,-10,2,14
1747351460.230477996,54213,1026,-10,2,15
1747351460.230477996,54214,1027,-10,2,15
1747351460.230477996,54214,1028,-10,2,15
1747351460.230477996,54214,1029,-10,2,15
1747351460.230477996,54214,1030,-10,2,7
1747351460.230477996,54214,1031,-10,1,7
1747351460.230477996,54214,1032,-10,0,9
1747351460.230477996,54214,1033,-10,1,9
1747351460.230477996,54214,1034,-10,1,9
1747351460.230477996,54214,1035,-10,0,8
1747351460.230477996,54214,1036,-10,1,8
1747351460.230477996,54214,1037,-10,1,8
1747351460.230477996,54214,1038,-10,2,16
1747351460.230477996,54214,1039,-10,2,17
1747351460.230477996,54214,1040,-10,1,18
1747351460.230477996,54214,1041,-10,2,17
1747351460.230477996,54214,1042,-10,0,19
1747351460.230477996,54214,1043,-10,1,18
1747351460.230477996,54214,1044,-10,2,17
1747351460.230477996,54214,1045,-10,0,19
1747351460.230477996,54214,1046,-10,1,16
1747351460.230477996,54214,1047,-10,1,18
1747351460.230477996,54214,1048,-10,2,17
1747351460.230477996,54214,1049,-10,1,18
1747351460.230477996,54214,1050,-10,1,18
1747351460.230477996,54214,1051,-10,1,19
1747351460.230477996,54214,1052,-10,1,18
1747351460.230477996,54214,1053,-10,2,17
1747351460.230477996,54214,1054,-10,1,17
1747351460.230477996,54214,1055,-10,1,17
1747351460.230477996,54214,1056,-10,2,16
1747351460.230477996,54214,1057,-10,1,16
1747351460.230477996,54214,1058,-10,2,17
1747351460.230477996,54214,1059,-10,0,16
1747351460.230477996,54214,1060,-10,2,17
1747351460.230477996,54214,1061,-10,1,19
1747351460.230477996,54214,1062,-10,0,11
1747351460.230477996,54214,1063,-10,1,9
1747351460.230477996,54214,1064,-10,4,18
1747351460.230477996,54214,1065,-10,0,12
1747351460.230477996,54214,1066,-10,0,10
1747351460.230477996,54214,1067,-10,0,16
1747351460.230477996,54214,1068,-10,1,10
1747351460.230477996,54214,1069,-10,1,10
1747351460.230477996,54214,1070,-10,0,8
1747351460.230477996,54214,1071,-10,0,8
1747351460.230477996,54214,1072,-10,0,8
1747351460.230477996,54214,1073,-10,0,8
1747351460.230477996,54214,1074,-10,1,7
1747351460.230477996,54214,1075,-10,1,8
1747351460.230477996,54214,1076,-10,0,8
1747351460.230477996,54214,1077,-10,1,8
1747351460.230477996,54214,1078,-10,2,14
1747351460.230477996,54214,1079,-10,1,14
1747351460.230477996,54214,1080,-10,2,14
1747351460.230477996,54214,1081,-10,2,13
1747351460.230477996,54214,1082,-10,2,14
1747351460.230477996,54214,1083,-10,3,13
1747351460.230477996,54214,1084,-10,1,15
1747351460.230477996,54214,1085,-10,2,14
1747351460.230477996,54214,1086,-10,4,12
1747351460.230477996,54214,1087,-10,3,13
1747351460.230477996,54214,1088,-10,3,15
1747351460.230477996,54214,1089,-10,3,15
1747351460.230477996,54214,1090,-10,3,15
1747351460.230477996,54214,1091,-10,1,17
1747351460.230477996,54214,1092,-10,3,15
1747351460.230477996,54214,1093,-10,3,16
1747351460.230477996,54214,1094,-10,1,10
1747351460.230477996,54214,1095,-10,0,10
1747351460.230477996,54214,1096,-10,1,10
1747351460.230477996,54214,1097,-10,1,10
1747351460.230477996,54214,1098,-10,0,11
1747351460.230477996,54214,1099,-10,1,10
1747351460.230477996,54214,1100,-10,0,10
1747351460.230477996,54214,1101,-10,1,10
1747351460.230477996,54214,1102,-10,3,16
1747351460.230477996,54214,1103,-10,3,16
1747351460.230477996,54214,1104,-10,3,16
1747351460.230477996,54214,1105,-10,2,17
1747351460.230477996,54214,1106,-10,5,15
1747351460.230477996,54214,1107,-10,1,19
1747351460.230477996,54214,1108,-10,3,17
1747351460.230477996,54214,1109,-10,4,16
1747351460.230477996,54214,1110,-10,6,19
1747351460.230477996,54214,1111,-10,4,21
1747351460.230477996,54214,1112,-10,6,19
1747351460.230477996,54214,1113,-10,6,19
1747351460.230477996,54214,1114,-10,5,21
1747351460.230477996,54214,1115,-10,5,20
1747351460.230477996,54214,1116,-10,3,22
1747351460.230477996,54214,1117,-10,3,23
1747351460.230477996,54214,1118,-10,4,19
1747351460.230477996,54214,1119,-10,1,22
1747351460.230477996,54214,1120,-10,2,14
1747351460.230477996,54214,1121,-10,6,17
1747351460.230477996,54214,1122,-10,3,20
1747351460.230477996,54214,1123,-10,1,22
1747351460.230477996,54214,1124,-10,2,22
1747351460.230477996,54214,1125,-10,2,13
1747351460.230477996,54214,1126,-10,1,10
1747351460.230477996,54214,1127,-10,1,9
1747351460.230477996,54214,1128,-10,1,9
1747351460.230477996,54214,1129,-10,1,9
1747351460.230477996,54214,1130,-10,1,8
1747351460.230477996,54214,1131,-10,1,9
1747351460.230477996,54214,1132,-10,0,11
1747351460.230477996,54214,1133,-10,1,10
1747351460.230477996,54214,1134,-10,3,20
1747351460.230477996,54214,1135,-10,3,20
1747351460.230477996,54214,1136,-10,5,19
1747351460.230477996,54214,1137,-10,6,17
1747351460.230477996,54214,1138,-10,3,20
1747351460.230477996,54214,1139,-10,3,19
1747351460.230477996,54214,1140,-10,3,21
1747351460.230477996,54214,1141,-10,1,22
1747351460.230477996,54214,1142,-10,1,13
1747351460.230477996,54214,1143,-10,1,13
1747351460.230477996,54214,1144,-10,0,13
1747351460.230477996,54214,1145,-10,1,13
1747351460.230477996,54214,1146,-10,1,13
1747351460.230477996,54214,1147,-10,2,12
1747351460.230477996,54214,1148,-10,0,12
1747351460.230477996,54214,1149,-10,0,10
1747351460.230477996,54213,878,19,0,1
1747351460.230477996,54213,880,19,0,1
1747351460.230477996,54213,882,19,0,1
1747351460.230477996,54213,884,19,0,1
1747351460.230477996,54213,886,19,0,1
1747351460.230477996,54213,888,19,0,1
1747351460.230477996,54213,890,19,0,1
1747351460.230477996,54213,892,19,0,1
1747351460.230477996,54213,894,19,0,0
1747351460.230477996,54213,896,19,0,0
1747351460.230477996,54213,898,19,0,0
1747351460.230477996,54213,900,19,0,0
1747351460.230477996,54213,902,19,0,0
1747351460.230477996,54213,904,19,0,0
1747351460.230477996,54213,906,19,0,0
1747351460.230477996,54213,908,19,0,0
end sample
1747351462.185572264,54213,879,-10,2,28
1747351462.185572264,54213,881,-10,7,39
1747351462.185572264,54213,883,-10,6,35
1747351462.185572264,54213,885,-10,3,40
1747351462.185572264,54213,887,-10,2,28
1747351462.185572264,54213,889,-10,1,46
1747351462.185572264,54213,891,-10,4,26
1747351462.185572264,54213,893,-10,2,42
1747351462.185572264,54213,895,-10,3,31
1747351462.185572264,54213,897,-10,4,30
1747351462.185572264,54213,899,-10,3,30
1747351462.185572264,54213,901,-10,3,23
1747351462.185572264,54213,903,-10,1,25
1747351462.185572264,54213,905,-10,3,36
1747351462.185572264,54213,907,-10,4,34
1747351462.185572264,54213,909,-10,2,24
1747351462.185572264,54213,910,-10,7,23
1747351462.185572264,54213,911,-10,7,36
1747351462.185572264,54213,912,-10,7,36
1747351462.185572264,54213,913,-10,6,34
1747351462.185572264,54213,914,-10,3,34
1747351462.185572264,54213,915,-10,4,33
1747351462.185572264,54213,916,-10,4,34
1747351462.185572264,54213,917,-10,6,32
1747351462.185572264,54213,918,-10,4,29
1747351462.185572264,54213,919,-10,5,25
1747351462.185572264,54213,920,-10,6,24
1747351462.185572264,54213,921,-10,4,27
1747351462.185572264,54213,922,-10,6,25
1747351462.185572264,54213,923,-10,4,26
1747351462.185572264,54213,924,-10,5,31
1747351462.185572264,54213,925,-10,6,23
1747351462.185572264,54213,926,-10,1,17
1747351462.185572264,54213,927,-10,2,17
1747351462.185572264,54213,928,-10,2,16
1747351462.185572264,54213,929,-10,1,20
1747351462.185572264,54213,930,-10,0,17
1747351462.185572264,54213,931,-10,0,19
1747351462.185572264,54213,932,-10,1,17
1747351462.185572264,54213,933,-10,2,19
1747351462.185572264,54213,934,-10,1,17
1747351462.185572264,54213,935,-10,2,16
1747351462.185572264,54213,936,-10,1,20
1747351462.185572264,54213,937,-10,0,18
1747351462.185572264,54213,938,-10,0,18
1747351462.185572264,54213,939,-10,1,18
1747351462.185572264,54213,940,-10,1,19
1747351462.185572264,54213,941,-10,2,18
1747351462.185572264,54213,942,-10,6,35
1747351462.185572264,54213,943,-10,3,45
1747351462.185572264,54213,944,-10,3,45
1747351462.185572264,54213,945,-10,3,32
1747351462.185572264,54213,946,-10,2,31
1747351462.185572264,54213,948,-10,5,36
1747351462.185572264,54213,949,-10,3,31
1747351462.185572264,54213,950,-10,2,21
1747351462.185572264,54213,951,-10,4,28
1747351462.185572264,54213,952,-10,5,35
1747351462.185572264,54213,953,-10,3,24
1747351462.185572264,54213,954,-10,2,20
1747351462.185572264,54213,955,-10,3,30
1747351462.185572264,54213,956,-10,2,20
1747351462.185572264,54213,957,-10,3,29
1747351462.185572264,54213,958,-10,3,33
1747351462.185572264,54213,959,-10,3,34
1747351462.185572264,54213,960,-10,3,35
1747351462.185572264,54213,961,-10,2,35
1747351462.185572264,54213,962,-10,1,35
1747351462.185572264,54213,963,-10,2,33
1747351462.185572264,54213,964,-10,4,31
1747351462.185572264,54213,965,-10,3,35
1747351462.185572264,54213,966,-10,4,28
1747351462.185572264,54213,967,-10,8,28
1747351462.185572264,54213,968,-10,5,31
1747351462.185572264,54213,969,-10,5,27
1747351462.185572264,54213,970,-10,5,29
1747351462.185572264,54213,971,-10,6,27
1747351462.185572264,54213,972,-10,5,30
1747351462.185572264,54213,973,-10,3,31
1747351462.185572264,54213,974,-10,3,20
1747351462.185572264,54213,975,-10,1,21
1747351462.185572264,54213,976,-10,2,20
1747351462.185572264,54213,977,-10,0,22
1747351462.185572264,54213,978,-10,2,21
1747351462.185572264,54213,979,-10,1,22
1747351462.185572264,54213,980,-10,4,19
1747351462.185572264,54213,981,-10,1,22
1747351462.185572264,54213,982,-10,4,28
1747351462.185572264,54213,983,-10,3,28
1747351462.185572264,54213,984,-10,4,31
1747351462.185572264,54213,985,-10,4,33
1747351462.185572264,54213,986,-10,5,32
1747351462.185572264,54213,987,-10,3,34
1747351462.185572264,54213,988,-10,4,35
1747351462.185572264,54213,989,-10,3,38
1747351462.185572264,54213,990,-10,5,24
1747351462.185572264,54213,991,-10,3,29
1747351462.185572264,54213,992,-10,4,28
1747351462.185572264,54213,993,-10,2,38
1747351462.185572264,54213,994,-10,6,29
1747351462.185572264,54213,995,-10,1,26
1747351462.185572264,54213,996,-10,4,28
1747351462.185572264,54213,997,-10,3,30
1747351462.185572264,54213,998,-10,7,27
1747351462.185572264,54213,999,-10,6,28
1747351462.185572264,54213,1000,-10,7,28
1747351462.185572264,54213,1001,-10,6,28
1747351462.185572264,54213,1002,-10,8,27
1747351462.185572264,54213,1003,-10,4,31
1747351462.185572264,54213,1004,-10,6,29
1747351462.185572264,54213,1005,-10,5,30
1747351462.185572264,54213,1006,-10,6,30
1747351462.185572264,54213,1007,-10,7,34
1747351462.185572264,54213,1008,-10,6,31
1747351462.185572264,54213,1009,-10,5,32
1747351462.185572264,54213,1010,-10,2,29
1747351462.185572264,54213,1011,-10,2,34
1747351462.185572264,54213,1012,-10,5,37
1747351462.185572264,54213,1013,-10,3,36
1747351462.185572264,54213,1014,-10,7,38
1747351462.185572264,54213,1015,-10,9,31
1747351462.185572264,54213,1016,-10,6,33
1747351462.185572264,54213,1017,-10,9,30
1747351462.185572264,54213,1018,-10,5,34
1747351462.185572264,54213,1019,-10,8,35
1747351462.185572264,54213,1020,-10,5,35
1747351462.185572264,54213,1021,-10,5,35
1747351462.185572264,54213,1022,-10,6,28
1747351462.185572264,54213,1023,-10,5,30
1747351462.185572264,54213,1024,-10,4,32
1747351462.185572264,54213,1025,-10,4,31
1747351462.185572264,54213,1026,-10,5,31
1747351462.185572264,54214,1027,-10,4,33
1747351462.185572264,54214,1028,-10,5,31
1747351462.185572264,54214,1029,-10,4,32
1747351462.185572264,54214,1030,-10,5,25
1747351462.185572264,54214,1031,-10,1,28
1747351462.185572264,54214,1032,-10,3,27
1747351462.185572264,54214,1033,-10,2,27
1747351462.185572264,54214,1034,-10,3,27
1747351462.185572264,54214,1035,-10,3,27
1747351462.185572264,54214,1036,-10,4,25
1747351462.185572264,54214,1037,-10,5,25
1747351462.185572264,54214,1038,-10,4,37
1747351462.185572264,54214,1039,-10,3,37
1747351462.185572264,54214,1040,-10,2,35
1747351462.185572264,54214,1041,-10,6,36
1747351462.185572264,54214,1042,-10,5,42
1747351462.185572264,54214,1043,-10,3,34
1747351462.185572264,54214,1044,-10,3,34
1747351462.185572264,54214,1045,-10,1,37
1747351462.185572264,54214,1046,-10,4,40
1747351462.185572264,54214,1047,-10,2,36
1747351462.185572264,54214,1048,-10,4,34
1747351462.185572264,54214,1049,-10,2,34
1747351462.185572264,54214,1050,-10,3,34
1747351462.185572264,54214,1051,-10,2,36
1747351462.185572264,54214,1052,-10,1,38
1747351462.185572264,54214,1053,-10,3,35
1747351462.185572264,54214,1054,-10,3,28
1747351462.185572264,54214,1055,-10,2,39
1747351462.185572264,54214,1056,-10,4,37
1747351462.185572264,54214,1057,-10,1,31
1747351462.185572264,54214,1058,-10,3,35
1747351462.185572264,54214,1059,-10,1,27
1747351462.185572264,54214,1060,-10,3,35
1747351462.185572264,54214,1061,-10,1,38
1747351462.185572264,54214,1062,-10,1,24
1747351462.185572264,54214,1063,-10,1,22
1747351462.185572264,54214,1064,-10,6,40
1747351462.185572264,54214,1065,-10,3,28
1747351462.185572264,54214,1066,-10,2,23
1747351462.185572264,54214,1067,-10,3,29
1747351462.185572264,54214,1068,-10,2,22
1747351462.185572264,54214,1069,-10,2,28
1747351462.185572264,54214,1070,-10,2,27
1747351462.185572264,54214,1071,-10,1,28
1747351462.185572264,54214,1072,-10,1,27
1747351462.185572264,54214,1073,-10,4,25
1747351462.185572264,54214,1074,-10,3,26
1747351462.185572264,54214,1075,-10,3,26
1747351462.185572264,54214,1076,-10,1,29
1747351462.185572264,54214,1077,-10,2,27
1747351462.185572264,54214,1078,-10,5,29
1747351462.185572264,54214,1079,-10,5,29
1747351462.185572264,54214,1080,-10,6,28
1747351462.185572264,54214,1081,-10,6,28
1747351462.185572264,54214,1082,-10,5,30
1747351462.185572264,54214,1083,-10,5,29
1747351462.185572264,54214,1084,-10,5,30
1747351462.185572264,54214,1085,-10,6,29
1747351462.185572264,54214,1086,-10,8,29
1747351462.185572264,54214,1087,-10,7,28
1747351462.185572264,54214,1088,-10,5,33
1747351462.185572264,54214,1089,-10,6,30
1747351462.185572264,54214,1090,-10,6,31
1747351462.185572264,54214,1091,-10,4,32
1747351462.185572264,54214,1092,-10,5,31
1747351462.185572264,54214,1093,-10,7,30
1747351462.185572264,54214,1094,-10,2,26
1747351462.185572264,54214,1095,-10,2,28
1747351462.185572264,54214,1096,-10,3,26
1747351462.185572264,54214,1097,-10,1,28
1747351462.185572264,54214,1098,-10,0,29
1747351462.185572264,54214,1099,-10,2,28
1747351462.185572264,54214,1100,-10,2,27
1747351462.185572264,54214,1101,-10,4,26
1747351462.185572264,54214,1102,-10,5,34
1747351462.185572264,54214,1103,-10,6,31
1747351462.185572264,54214,1104,-10,7,32
1747351462.185572264,54214,1105,-10,5,34
1747351462.185572264,54214,1106,-10,6,31
1747351462.185572264,54214,1107,-10,3,34
1747351462.185572264,54214,1108,-10,4,37
1747351462.185572264,54214,1109,-10,6,33
1747351462.185572264,54214,1110,-10,10,32
1747351462.185572264,54214,1111,-10,8,34
1747351462.185572264,54214,1112,-10,8,34
1747351462.185572264,54214,1113,-10,12,30
1747351462.185572264,54214,1114,-10,7,36
1747351462.185572264,54214,1115,-10,7,35
1747351462.185572264,54214,1116,-10,6,36
1747351462.185572264,54214,1117,-10,5,36
1747351462.185572264,54214,1118,-10,5,40
1747351462.185572264,54214,1119,-10,5,39
1747351462.185572264,54214,1120,-10,5,29
1747351462.185572264,54214,1121,-10,10,30
1747351462.185572264,54214,1122,-10,5,34
1747351462.185572264,54214,1123,-10,5,42
1747351462.185572264,54214,1124,-10,3,37
1747351462.185572264,54214,1125,-10,4,28
1747351462.185572264,54214,1126,-10,2,21
1747351462.185572264,54214,1127,-10,3,19
1747351462.185572264,54214,1128,-10,1,21
1747351462.185572264,54214,1129,-10,3,20
1747351462.185572264,54214,1130,-10,2,20
1747351462.185572264,54214,1131,-10,1,21
1747351462.185572264,54214,1132,-10,1,23
1747351462.185572264,54214,1133,-10,2,21
1747351462.185572264,54214,1134,-10,7,33
1747351462.185572264,54214,1135,-10,6,34
1747351462.185572264,54214,1136,-10,8,32
1747351462.185572264,54214,1137,-10,9,31
1747351462.185572264,54214,1138,-10,3,31
1747351462.185572264,54214,1139,-10,4,34
1747351462.185572264,54214,1140,-10,6,34
1747351462.185572264,54214,1141,-10,3,35
1747351462.185572264,54214,1142,-10,4,31
1747351462.185572264,54214,1143,-10,2,33
1747351462.185572264,54214,1144,-10,1,32
1747351462.185572264,54214,1145,-10,4,29
1747351462.185572264,54214,1146,-10,3,24
1747351462.185572264,54214,1147,-10,3,36
1747351462.185572264,54214,1148,-10,2,29
1747351462.185572264,54214,1149,-10,1,22
1747351462.185572264,54213,878,19,0,1
1747351462.185572264,54213,880,19,0,1
1747351462.185572264,54213,882,19,0,1
1747351462.185572264,54213,884,19,0,1
1747351462.185572264,54213,886,19,0,1
1747351462.185572264,54213,888,19,0,1
1747351462.185572264,54213,890,19,0,1
1747351462.185572264,54213,892,19,0,1
1747351462.185572264,54213,894,19,0,0
1747351462.185572264,54213,896,19,0,1
1747351462.185572264,54213,898,19,0,1
1747351462.185572264,54213,900,19,0,1
1747351462.185572264,54213,902,19,0,1
1747351462.185572264,54213,904,19,0,0
1747351462.185572264,54213,906,19,0,1
1747351462.185572264,54213,908,19,0,1
end sample
1747351463.770711307,54213,879,-10,5,37
1747351463.770711307,54213,881,-10,8,48
1747351463.770711307,54213,883,-10,7,45
1747351463.770711307,54213,885,-10,3,53
1747351463.770711307,54213,887,-10,2,39
1747351463.770711307,54213,889,-10,3,58
1747351463.770711307,54213,891,-10,4,34
1747351463.770711307,54213,893,-10,2,52
1747351463.770711307,54213,895,-10,4,39
1747351463.770711307,54213,897,-10,5,42
1747351463.770711307,54213,899,-10,5,38
1747351463.770711307,54213,901,-10,4,32
1747351463.770711307,54213,903,-10,2,34
1747351463.770711307,54213,905,-10,5,45
1747351463.770711307,54213,907,-10,6,42
1747351463.770711307,54213,909,-10,3,36
1747351463.770711307,54213,910,-10,8,28
1747351463.770711307,54213,911,-10,9,45
1747351463.770711307,54213,912,-10,9,42
1747351463.770711307,54213,913,-10,8,43
1747351463.770711307,54213,914,-10,4,42
1747351463.770711307,54213,915,-10,4,42
1747351463.770711307,54213,916,-10,4,42
1747351463.770711307,54213,917,-10,7,39
1747351463.770711307,54213,918,-10,7,44
1747351463.770711307,54213,919,-10,7,34
1747351463.770711307,54213,920,-10,7,32
1747351463.770711307,54213,921,-10,6,35
1747351463.770711307,54213,922,-10,7,31
1747351463.770711307,54213,923,-10,6,33
1747351463.770711307,54213,924,-10,7,53
1747351463.770711307,54213,925,-10,7,33
1747351463.770711307,54213,926,-10,1,23
1747351463.770711307,54213,927,-10,3,23
1747351463.770711307,54213,928,-10,2,23
1747351463.770711307,54213,929,-10,2,28
1747351463.770711307,54213,930,-10,2,24
1747351463.770711307,54213,931,-10,0,26
1747351463.770711307,54213,932,-10,1,24
1747351463.770711307,54213,933,-10,2,26
1747351463.770711307,54213,934,-10,2,23
1747351463.770711307,54213,935,-10,2,23
1747351463.770711307,54213,936,-10,2,27
1747351463.770711307,54213,937,-10,0,24
1747351463.770711307,54213,938,-10,2,24
1747351463.770711307,54213,939,-10,1,24
1747351463.770711307,54213,940,-10,2,25
1747351463.770711307,54213,941,-10,2,25
1747351463.770711307,54213,942,-10,7,43
1747351463.770711307,54213,943,-10,3,53
1747351463.770711307,54213,944,-10,3,53
1747351463.770711307,54213,945,-10,4,36
1747351463.770711307,54213,946,-10,3,40
1747351463.770711307,54213,948,-10,6,42
1747351463.770711307,54213,949,-10,3,40
1747351463.770711307,54213,950,-10,2,26
1747351463.770711307,54213,951,-10,4,34
1747351463.770711307,54213,952,-10,7,41
1747351463.770711307,54213,953,-10,4,30
1747351463.770711307,54213,954,-10,3,26
1747351463.770711307,54213,955,-10,3,36
1747351463.770711307,54213,956,-10,3,26
1747351463.770711307,54213,957,-10,4,36
1747351463.770711307,54213,958,-10,4,40
1747351463.770711307,54213,959,-10,5,45
1747351463.770711307,54213,960,-10,5,43
1747351463.770711307,54213,961,-10,3,41
1747351463.770711307,54213,962,-10,1,42
1747351463.770711307,54213,963,-10,3,40
1747351463.770711307,54213,964,-10,4,38
1747351463.770711307,54213,965,-10,4,45
1747351463.770711307,54213,966,-10,4,37
1747351463.770711307,54213,967,-10,10,36
1747351463.770711307,54213,968,-10,6,39
1747351463.770711307,54213,969,-10,7,34
1747351463.770711307,54213,970,-10,6,37
1747351463.770711307,54213,971,-10,7,35
1747351463.770711307,54213,972,-10,6,37
1747351463.770711307,54213,973,-10,4,40
1747351463.770711307,54213,974,-10,3,28
1747351463.770711307,54213,975,-10,2,30
1747351463.770711307,54213,976,-10,3,27
1747351463.770711307,54213,977,-10,0,29
1747351463.770711307,54213,978,-10,4,31
1747351463.770711307,54213,979,-10,2,33
1747351463.770711307,54213,980,-10,4,24
1747351463.770711307,54213,981,-10,2,26
1747351463.770711307,54213,982,-10,6,36
1747351463.770711307,54213,983,-10,4,37
1747351463.770711307,54213,984,-10,5,35
1747351463.770711307,54213,985,-10,5,37
1747351463.770711307,54213,986,-10,6,36
1747351463.770711307,54213,987,-10,3,38
1747351463.770711307,54213,988,-10,4,38
1747351463.770711307,54213,989,-10,3,40
1747351463.770711307,54213,990,-10,6,25
1747351463.770711307,54213,991,-10,3,30
1747351463.770711307,54213,992,-10,4,29
1747351463.770711307,54213,993,-10,2,38
1747351463.770711307,54213,994,-10,6,29
1747351463.770711307,54213,995,-10,1,27
1747351463.770711307,54213,996,-10,4,29
1747351463.770711307,54213,997,-10,3,31
1747351463.770711307,54213,998,-10,7,28
1747351463.770711307,54213,999,-10,6,30
1747351463.770711307,54213,1000,-10,7,28
1747351463.770711307,54213,1001,-10,6,30
1747351463.770711307,54213,1002,-10,8,28
1747351463.770711307,54213,1003,-10,4,32
1747351463.770711307,54213,1004,-10,6,30
1747351463.770711307,54213,1005,-10,5,30
1747351463.770711307,54213,1006,-10,7,31
1747351463.770711307,54213,1007,-10,8,35
1747351463.770711307,54213,1008,-10,6,32
1747351463.770711307,54213,1009,-10,6,32
1747351463.770711307,54213,1010,-10,3,30
1747351463.770711307,54213,1011,-10,2,35
1747351463.770711307,54213,1012,-10,5,39
1747351463.770711307,54213,1013,-10,3,37
1747351463.770711307,54213,1014,-10,7,41
1747351463.770711307,54213,1015,-10,10,32
1747351463.770711307,54213,1016,-10,6,35
1747351463.770711307,54213,1017,-10,10,31
1747351463.770711307,54213,1018,-10,5,35
1747351463.770711307,54213,1019,-10,8,38
1747351463.770711307,54213,1020,-10,5,36
1747351463.770711307,54213,1021,-10,5,36
1747351463.770711307,54213,1022,-10,6,29
1747351463.770711307,54213,1023,-10,5,31
1747351463.770711307,54213,1024,-10,4,33
1747351463.770711307,54213,1025,-10,4,32
1747351463.770711307,54213,1026,-10,5,33
1747351463.770711307,54214,1027,-10,4,34
1747351463.770711307,54214,1028,-10,5,32
1747351463.770711307,54214,1029,-10,4,33
1747351463.770711307,54214,1030,-10,6,26
1747351463.770711307,54214,1031,-10,1,29
1747351463.770711307,54214,1032,-10,3,28
1747351463.770711307,54214,1033,-10,2,28
1747351463.770711307,54214,1034,-10,3,27
1747351463.770711307,54214,1035,-10,3,31
1747351463.770711307,54214,1036,-10,4,26
1747351463.770711307,54214,1037,-10,5,25
1747351463.770711307,54214,1038,-10,4,38
1747351463.770711307,54214,1039,-10,3,38
1747351463.770711307,54214,1040,-10,2,36
1747351463.770711307,54214,1041,-10,6,37
1747351463.770711307,54214,1042,-10,5,43
1747351463.770711307,54214,1043,-10,3,35
1747351463.770711307,54214,1044,-10,3,36
1747351463.770711307,54214,1045,-10,1,39
1747351463.770711307,54214,1046,-10,5,44
1747351463.770711307,54214,1047,-10,2,38
1747351463.770711307,54214,1048,-10,5,36
1747351463.770711307,54214,1049,-10,3,35
1747351463.770711307,54214,1050,-10,3,34
1747351463.770711307,54214,1051,-10,2,36
1747351463.770711307,54214,1052,-10,2,39
1747351463.770711307,54214,1053,-10,4,37
1747351463.770711307,54214,1054,-10,3,28
1747351463.770711307,54214,1055,-10,2,40
1747351463.770711307,54214,1056,-10,4,38
1747351463.770711307,54214,1057,-10,1,32
1747351463.770711307,54214,1058,-10,3,36
1747351463.770711307,54214,1059,-10,1,28
1747351463.770711307,54214,1060,-10,3,36
1747351463.770711307,54214,1061,-10,1,39
1747351463.770711307,54214,1062,-10,1,25
1747351463.770711307,54214,1063,-10,2,23
1747351463.770711307,54214,1064,-10,6,41
1747351463.770711307,54214,1065,-10,3,30
1747351463.770711307,54214,1066,-10,3,24
1747351463.770711307,54214,1067,-10,3,30
1747351463.770711307,54214,1068,-10,2,23
1747351463.770711307,54214,1069,-10,2,29
1747351463.770711307,54214,1070,-10,3,27
1747351463.770711307,54214,1071,-10,2,28
1747351463.770711307,54214,1072,-10,2,28
1747351463.770711307,54214,1073,-10,4,26
1747351463.770711307,54214,1074,-10,3,27
1747351463.770711307,54214,1075,-10,3,27
1747351463.770711307,54214,1076,-10,1,30
1747351463.770711307,54214,1077,-10,2,28
1747351463.770711307,54214,1078,-10,5,30
1747351463.770711307,54214,1079,-10,5,30
1747351463.770711307,54214,1080,-10,7,28
1747351463.770711307,54214,1081,-10,6,29
1747351463.770711307,54214,1082,-10,5,30
1747351463.770711307,54214,1083,-10,6,30
1747351463.770711307,54214,1084,-10,6,30
1747351463.770711307,54214,1085,-10,7,29
1747351463.770711307,54214,1086,-10,8,29
1747351463.770711307,54214,1087,-10,7,28
1747351463.770711307,54214,1088,-10,5,34
1747351463.770711307,54214,1089,-10,7,31
1747351463.770711307,54214,1090,-10,7,31
1747351463.770711307,54214,1091,-10,4,33
1747351463.770711307,54214,1092,-10,6,32
1747351463.770711307,54214,1093,-10,7,30
1747351463.770711307,54214,1094,-10,2,27
1747351463.770711307,54214,1095,-10,2,29
1747351463.770711307,54214,1096,-10,3,27
1747351463.770711307,54214,1097,-10,1,29
1747351463.770711307,54214,1098,-10,0,29
1747351463.770711307,54214,1099,-10,2,29
1747351463.770711307,54214,1100,-10,2,28
1747351463.770711307,54214,1101,-10,4,26
1747351463.770711307,54214,1102,-10,5,35
1747351463.770711307,54214,1103,-10,6,33
1747351463.770711307,54214,1104,-10,7,32
1747351463.770711307,54214,1105,-10,5,35
1747351463.770711307,54214,1106,-10,6,32
1747351463.770711307,54214,1107,-10,3,35
1747351463.770711307,54214,1108,-10,4,39
1747351463.770711307,54214,1109,-10,6,33
1747351463.770711307,54214,1110,-10,10,34
1747351463.770711307,54214,1111,-10,9,35
1747351463.770711307,54214,1112,-10,9,35
1747351463.770711307,54214,1113,-10,13,31
1747351463.770711307,54214,1114,-10,7,36
1747351463.770711307,54214,1115,-10,7,36
1747351463.770711307,54214,1116,-10,6,37
1747351463.770711307,54214,1117,-10,5,39
1747351463.770711307,54214,1118,-10,6,41
1747351463.770711307,54214,1119,-10,6,40
1747351463.770711307,54214,1120,-10,5,30
1747351463.770711307,54214,1121,-10,10,31
1747351463.770711307,54214,1122,-10,6,35
1747351463.770711307,54214,1123,-10,5,43
1747351463.770711307,54214,1124,-10,3,38
1747351463.770711307,54214,1125,-10,5,28
1747351463.770711307,54214,1126,-10,2,22
1747351463.770711307,54214,1127,-10,3,19
1747351463.770711307,54214,1128,-10,1,22
1747351463.770711307,54214,1129,-10,3,21
1747351463.770711307,54214,1130,-10,2,21
1747351463.770711307,54214,1131,-10,1,22
1747351463.770711307,54214,1132,-10,1,24
1747351463.770711307,54214,1133,-10,2,22
1747351463.770711307,54214,1134,-10,8,33
1747351463.770711307,54214,1135,-10,6,35
1747351463.770711307,54214,1136,-10,8,34
1747351463.770711307,54214,1137,-10,9,32
1747351463.770711307,54214,1138,-10,3,32
1747351463.770711307,54214,1139,-10,4,35
1747351463.770711307,54214,1140,-10,6,35
1747351463.770711307,54214,1141,-10,3,37
1747351463.770711307,54214,1142,-10,4,32
1747351463.770711307,54214,1143,-10,2,34
1747351463.770711307,54214,1144,-10,1,33
1747351463.770711307,54214,1145,-10,4,30
1747351463.770711307,54214,1146,-10,3,25
1747351463.770711307,54214,1147,-10,3,37
1747351463.770711307,54214,1148,-10,2,30
1747351463.770711307,54214,1149,-10,1,23
1747351463.770711307,54213,878,19,0,1
1747351463.770711307,54213,880,19,0,1
1747351463.770711307,54213,882,19,0,1
1747351463.770711307,54213,884,19,0,1
1747351463.770711307,54213,886,19,0,1
1747351463.770711307,54213,888,19,0,1
1747351463.770711307,54213,890,19,0,1
1747351463.770711307,54213,892,19,0,1
1747351463.770711307,54213,894,19,0,0
1747351463.770711307,54213,896,19,0,1
1747351463.770711307,54213,898,19,0,1
1747351463.770711307,54213,900,19,0,1
1747351463.770711307,54213,902,19,0,1
1747351463.770711307,54213,904,19,0,0
1747351463.770711307,54213,906,19,0,1
1747351463.770711307,54213,908,19,0,1
end sample
1747351464.295911950,54213,879,-10,7,43
1747351464.295911950,54213,881,-10,9,52
1747351464.295911950,54213,883,-10,8,49
1747351464.295911950,54213,885,-10,4,60
1747351464.295911950,54213,887,-10,2,45
1747351464.295911950,54213,891,-10,4,39
1747351464.295911950,54213,893,-10,3,56
1747351464.295911950,54213,895,-10,4,42
1747351464.295911950,54213,897,-10,5,45
1747351464.295911950,54213,899,-10,5,41
1747351464.295911950,54213,901,-10,4,36
1747351464.295911950,54213,903,-10,3,37
1747351464.295911950,54213,905,-10,5,49
1747351464.295911950,54213,907,-10,6,45
1747351464.295911950,54213,909,-10,4,39
1747351464.295911950,54213,910,-10,8,31
1747351464.295911950,54213,911,-10,10,50
1747351464.295911950,54213,912,-10,9,44
1747351464.295911950,54213,913,-10,8,45
1747351464.295911950,54213,914,-10,5,45
1747351464.295911950,54213,915,-10,4,45
1747351464.295911950,54213,916,-10,5,44
1747351464.295911950,54213,917,-10,7,42
1747351464.295911950,54213,918,-10,8,49
1747351464.295911950,54213,919,-10,7,38
1747351464.295911950,54213,920,-10,8,34
1747351464.295911950,54213,921,-10,6,37
1747351464.295911950,54213,922,-10,8,33
1747351464.295911950,54213,923,-10,6,35
1747351464.295911950,54213,924,-10,8,59
1747351464.295911950,54213,925,-10,7,35
1747351464.295911950,54213,926,-10,2,26
1747351464.295911950,54213,927,-10,3,26
1747351464.295911950,54213,928,-10,3,25
1747351464.295911950,54213,929,-10,2,31
1747351464.295911950,54213,930,-10,2,26
1747351464.295911950,54213,931,-10,1,29
1747351464.295911950,54213,932,-10,1,26
1747351464.295911950,54213,933,-10,2,29
1747351464.295911950,54213,934,-10,2,26
1747351464.295911950,54213,935,-10,3,25
1747351464.295911950,54213,936,-10,2,30
1747351464.295911950,54213,937,-10,0,27
1747351464.295911950,54213,938,-10,3,26
1747351464.295911950,54213,939,-10,2,26
1747351464.295911950,54213,940,-10,2,28
1747351464.295911950,54213,941,-10,3,27
1747351464.295911950,54213,942,-10,7,47
1747351464.295911950,54213,943,-10,3,57
1747351464.295911950,54213,944,-10,4,56
1747351464.295911950,54213,945,-10,4,41
1747351464.295911950,54213,946,-10,4,43
1747351464.295911950,54213,948,-10,6,46
1747351464.295911950,54213,949,-10,4,45
1747351464.295911950,54213,950,-10,4,28
1747351464.295911950,54213,951,-10,4,37
1747351464.295911950,54213,952,-10,7,44
1747351464.295911950,54213,953,-10,4,32
1747351464.295911950,54213,954,-10,3,28
1747351464.295911950,54213,955,-10,4,39
1747351464.295911950,54213,956,-10,3,29
1747351464.295911950,54213,957,-10,5,38
1747351464.295911950,54213,958,-10,4,42
1747351464.295911950,54213,959,-10,5,47
1747351464.295911950,54213,960,-10,5,46
1747351464.295911950,54213,961,-10,3,43
1747351464.295911950,54213,962,-10,1,45
1747351464.295911950,54213,963,-10,3,41
1747351464.295911950,54213,964,-10,5,42
1747351464.295911950,54213,965,-10,4,47
1747351464.295911950,54213,966,-10,5,43
1747351464.295911950,54213,967,-10,11,42
1747351464.295911950,54213,968,-10,7,46
1747351464.295911950,54213,969,-10,9,39
1747351464.295911950,54213,970,-10,7,44
1747351464.295911950,54213,971,-10,9,45
1747351464.295911950,54213,972,-10,7,44
1747351464.295911950,54213,973,-10,5,47
1747351464.295911950,54213,974,-10,3,30
1747351464.295911950,54213,975,-10,4,35
1747351464.295911950,54213,976,-10,4,29
1747351464.295911950,54213,977,-10,0,32
1747351464.295911950,54213,978,-10,4,37
1747351464.295911950,54213,979,-10,2,39
1747351464.295911950,54213,980,-10,4,25
1747351464.295911950,54213,981,-10,2,26
1747351464.295911950,54213,982,-10,8,41
1747351464.295911950,54213,983,-10,4,40
1747351464.295911950,54213,984,-10,5,42
1747351464.295911950,54213,985,-10,6,43
1747351464.295911950,54213,986,-10,6,43
1747351464.295911950,54213,987,-10,3,45
1747351464.295911950,54213,988,-10,4,38
1747351464.295911950,54213,989,-10,3,47
1747351464.295911950,54213,990,-10,9,29
1747351464.295911950,54213,991,-10,4,36
1747351464.295911950,54213,992,-10,4,35
1747351464.295911950,54213,993,-10,3,44
1747351464.295911950,54213,994,-10,7,37
1747351464.295911950,54213,995,-10,3,31
1747351464.295911950,54213,996,-10,5,37
1747351464.295911950,54213,997,-10,4,38
1747351464.295911950,54213,998,-10,9,34
1747351464.295911950,54213,999,-10,8,35
1747351464.295911950,54213,1000,-10,9,33
1747351464.295911950,54213,1001,-10,7,36
1747351464.295911950,54213,1002,-10,9,34
1747351464.295911950,54213,1003,-10,5,38
1747351464.295911950,54213,1004,-10,6,37
1747351464.295911950,54213,1005,-10,7,41
1747351464.295911950,54213,1006,-10,8,39
1747351464.295911950,54213,1007,-10,10,41
1747351464.295911950,54213,1008,-10,9,38
1747351464.295911950,54213,1009,-10,8,38
1747351464.295911950,54213,1010,-10,3,38
1747351464.295911950,54213,1011,-10,4,42
1747351464.295911950,54213,1012,-10,6,47
1747351464.295911950,54213,1013,-10,5,44
1747351464.295911950,54213,1014,-10,8,55
1747351464.295911950,54213,1015,-10,11,38
1747351464.295911950,54213,1016,-10,8,41
1747351464.295911950,54213,1017,-10,11,39
1747351464.295911950,54213,1018,-10,5,44
1747351464.295911950,54213,1019,-10,9,52
1747351464.295911950,54213,1020,-10,7,45
1747351464.295911950,54213,1021,-10,6,45
1747351464.295911950,54213,1022,-10,7,34
1747351464.295911950,54213,1023,-10,7,46
1747351464.295911950,54213,1024,-10,4,37
1747351464.295911950,54213,1025,-10,6,38
1747351464.295911950,54213,1026,-10,5,39
1747351464.295911950,54214,1027,-10,5,40
1747351464.295911950,54214,1028,-10,5,40
1747351464.295911950,54214,1029,-10,5,40
1747351464.295911950,54214,1030,-10,6,36
1747351464.295911950,54214,1031,-10,3,38
1747351464.295911950,54214,1032,-10,5,36
1747351464.295911950,54214,1033,-10,4,38
1747351464.295911950,54214,1034,-10,4,35
1747351464.295911950,54214,1035,-10,6,45
1747351464.295911950,54214,1036,-10,6,34
1747351464.295911950,54214,1037,-10,9,32
1747351464.295911950,54214,1038,-10,6,50
1747351464.295911950,54214,1039,-10,5,51
1747351464.295911950,54214,1040,-10,3,49
1747351464.295911950,54214,1041,-10,8,55
1747351464.295911950,54214,1042,-10,6,58
1747351464.295911950,54214,1043,-10,4,48
1747351464.295911950,54214,1044,-10,5,49
1747351464.295911950,54214,1045,-10,1,54
1747351464.295911950,54214,1046,-10,7,60
1747351464.295911950,54214,1047,-10,4,49
1747351464.295911950,54214,1048,-10,5,46
1747351464.295911950,54214,1049,-10,4,46
1747351464.295911950,54214,1050,-10,5,44
1747351464.295911950,54214,1051,-10,3,44
1747351464.295911950,54214,1052,-10,3,48
1747351464.295911950,54214,1053,-10,5,52
1747351464.295911950,54214,1054,-10,4,35
1747351464.295911950,54214,1055,-10,2,47
1747351464.295911950,54214,1056,-10,6,44
1747351464.295911950,54214,1057,-10,2,40
1747351464.295911950,54214,1058,-10,4,43
1747351464.295911950,54214,1059,-10,2,35
1747351464.295911950,54214,1060,-10,4,43
1747351464.295911950,54214,1061,-10,2,46
1747351464.295911950,54214,1062,-10,2,31
1747351464.295911950,54214,1063,-10,2,29
1747351464.295911950,54214,1064,-10,8,52
1747351464.295911950,54214,1065,-10,3,44
1747351464.295911950,54214,1066,-10,3,28
1747351464.295911950,54214,1067,-10,6,45
1747351464.295911950,54214,1068,-10,3,26
1747351464.295911950,54214,1069,-10,3,37
1747351464.295911950,54214,1070,-10,3,37
1747351464.295911950,54214,1071,-10,3,36
1747351464.295911950,54214,1072,-10,2,36
1747351464.295911950,54214,1073,-10,4,31
1747351464.295911950,54214,1074,-10,3,34
1747351464.295911950,54214,1075,-10,4,34
1747351464.295911950,54214,1076,-10,1,38
1747351464.295911950,54214,1077,-10,2,36
1747351464.295911950,54214,1078,-10,10,38
1747351464.295911950,54214,1079,-10,8,40
1747351464.295911950,54214,1080,-10,10,41
1747351464.295911950,54214,1081,-10,10,38
1747351464.295911950,54214,1082,-10,6,42
1747351464.295911950,54214,1083,-10,8,41
1747351464.295911950,54214,1084,-10,8,41
1747351464.295911950,54214,1085,-10,9,40
1747351464.295911950,54214,1086,-10,10,37
1747351464.295911950,54214,1087,-10,10,35
1747351464.295911950,54214,1088,-10,6,41
1747351464.295911950,54214,1089,-10,8,44
1747351464.295911950,54214,1090,-10,9,39
1747351464.295911950,54214,1091,-10,5,42
1747351464.295911950,54214,1092,-10,6,42
1747351464.295911950,54214,1093,-10,8,39
1747351464.295911950,54214,1094,-10,3,43
1747351464.295911950,54214,1095,-10,3,41
1747351464.295911950,54214,1096,-10,3,33
1747351464.295911950,54214,1097,-10,2,45
1747351464.295911950,54214,1098,-10,2,41
1747351464.295911950,54214,1099,-10,4,41
1747351464.295911950,54214,1100,-10,4,41
1747351464.295911950,54214,1101,-10,5,30
1747351464.295911950,54214,1102,-10,6,44
1747351464.295911950,54214,1103,-10,8,45
1747351464.295911950,54214,1104,-10,10,42
1747351464.295911950,54214,1105,-10,8,42
1747351464.295911950,54214,1106,-10,8,43
1747351464.295911950,54214,1107,-10,3,45
1747351464.295911950,54214,1108,-10,5,51
1747351464.295911950,54214,1109,-10,7,41
1747351464.295911950,54214,1110,-10,14,47
1747351464.295911950,54214,1111,-10,10,57
1747351464.295911950,54214,1112,-10,13,48
1747351464.295911950,54214,1113,-10,18,43
1747351464.295911950,54214,1114,-10,10,52
1747351464.295911950,54214,1115,-10,10,53
1747351464.295911950,54214,1116,-10,7,54
1747351464.295911950,54214,1117,-10,7,60
1747351464.295911950,54214,1118,-10,8,59
1747351464.295911950,54214,1119,-10,13,52
1747351464.295911950,54214,1120,-10,9,42
1747351464.295911950,54214,1121,-10,13,47
1747351464.295911950,54214,1122,-10,8,53
1747351464.295911950,54214,1123,-10,7,58
1747351464.295911950,54214,1124,-10,5,54
1747351464.295911950,54214,1125,-10,8,44
1747351464.295911950,54214,1126,-10,4,36
1747351464.295911950,54214,1127,-10,5,33
1747351464.295911950,54214,1128,-10,4,37
1747351464.295911950,54214,1129,-10,5,38
1747351464.295911950,54214,1130,-10,3,38
1747351464.295911950,54214,1131,-10,1,40
1747351464.295911950,54214,1132,-10,4,38
1747351464.295911950,54214,1133,-10,3,39
1747351464.295911950,54214,1134,-10,9,44
1747351464.295911950,54214,1135,-10,7,48
1747351464.295911950,54214,1136,-10,10,55
1747351464.295911950,54214,1137,-10,11,45
1747351464.295911950,54214,1138,-10,4,44
1747351464.295911950,54214,1139,-10,6,49
1747351464.295911950,54214,1140,-10,7,51
1747351464.295911950,54214,1141,-10,5,52
1747351464.295911950,54214,1142,-10,6,59
1747351464.295911950,54214,1143,-10,3,61
1747351464.295911950,54214,1144,-10,6,58
1747351464.295911950,54214,1145,-10,9,55
1747351464.295911950,54214,1146,-10,7,51
1747351464.295911950,54214,1147,-10,6,60
1747351464.295911950,54214,1148,-10,5,52
1747351464.295911950,54214,1149,-10,5,53
1747351464.295911950,54213,878,19,0,2
1747351464.295911950,54213,880,19,0,2
1747351464.295911950,54213,882,19,0,2
1747351464.295911950,54213,884,19,0,1
1747351464.295911950,54213,886,19,0,2
1747351464.295911950,54213,888,19,0,2
1747351464.295911950,54213,890,19,0,1
1747351464.295911950,54213,892,19,0,1
1747351464.295911950,54213,894,19,0,0
1747351464.295911950,54213,896,19,0,1
1747351464.295911950,54213,898,19,0,1
1747351464.295911950,54213,900,19,0,1
1747351464.295911950,54213,902,19,0,1
1747351464.295911950,54213,904,19,0,1
1747351464.295911950,54213,906,19,0,1
1747351464.295911950,54213,908,19,0,1
end sample
1747351468.323161514,54213,879,-10,11,64
1747351468.323161514,54213,881,-10,11,69
1747351468.323161514,54213,883,-10,12,74
1747351468.323161514,54213,885,-10,7,86
1747351468.323161514,54213,887,-10,5,75
1747351468.323161514,54213,891,-10,6,60
1747351468.323161514,54213,895,-10,7,52
1747351468.323161514,54213,897,-10,8,60
1747351468.323161514,54213,899,-10,8,70
1747351468.323161514,54213,901,-10,7,51
1747351468.323161514,54213,903,-10,6,54
1747351468.323161514,54213,907,-10,8,61
1747351468.323161514,54213,909,-10,6,56
1747351468.323161514,54213,910,-10,9,48
1747351468.323161514,54213,911,-10,15,64
1747351468.323161514,54213,912,-10,13,60
1747351468.323161514,54213,913,-10,11,64
1747351468.323161514,54213,914,-10,10,61
1747351468.323161514,54213,915,-10,7,64
1747351468.323161514,54213,916,-10,8,62
1747351468.323161514,54213,917,-10,9,62
1747351468.323161514,54213,918,-10,11,86
1747351468.323161514,54213,919,-10,11,58
1747351468.323161514,54213,920,-10,10,60
1747351468.323161514,54213,921,-10,9,68
1747351468.323161514,54213,922,-10,12,60
1747351468.323161514,54213,923,-10,9,64
1747351468.323161514,54213,924,-10,12,87
1747351468.323161514,54213,925,-10,10,62
1747351468.323161514,54213,926,-10,6,46
1747351468.323161514,54213,927,-10,6,49
1747351468.323161514,54213,928,-10,5,49
1747351468.323161514,54213,929,-10,4,53
1747351468.323161514,54213,930,-10,5,48
1747351468.323161514,54213,931,-10,2,54
1747351468.323161514,54213,932,-10,5,48
1747351468.323161514,54213,933,-10,5,52
1747351468.323161514,54213,934,-10,3,42
1747351468.323161514,54213,935,-10,5,39
1747351468.323161514,54213,936,-10,3,44
1747351468.323161514,54213,937,-10,1,43
1747351468.323161514,54213,938,-10,4,40
1747351468.323161514,54213,939,-10,3,42
1747351468.323161514,54213,940,-10,4,42
1747351468.323161514,54213,941,-10,3,43
1747351468.323161514,54213,942,-10,9,71
1747351468.323161514,54213,943,-10,4,83
1747351468.323161514,54213,944,-10,7,82
1747351468.323161514,54213,945,-10,12,68
1747351468.323161514,54213,946,-10,7,71
1747351468.323161514,54213,949,-10,8,71
1747351468.323161514,54213,950,-10,4,53
1747351468.323161514,54213,951,-10,6,61
1747351468.323161514,54213,952,-10,8,66
1747351468.323161514,54213,953,-10,6,52
1747351468.323161514,54213,954,-10,5,51
1747351468.323161514,54213,956,-10,5,52
1747351468.323161514,54213,966,-10,10,71
1747351468.323161514,54213,967,-10,15,67
1747351468.323161514,54213,968,-10,12,80
1747351468.323161514,54213,969,-10,14,71
1747351468.323161514,54213,971,-10,12,67
1747351468.323161514,54213,972,-10,12,68
1747351468.323161514,54213,974,-10,6,40
1747351468.323161514,54213,975,-10,7,50
1747351468.323161514,54213,976,-10,5,42
1747351468.323161514,54213,977,-10,1,45
1747351468.323161514,54213,978,-10,6,51
1747351468.323161514,54213,979,-10,3,53
1747351468.323161514,54213,980,-10,5,38
1747351468.323161514,54213,981,-10,2,40
1747351468.323161514,54213,982,-10,10,57
1747351468.323161514,54213,983,-10,5,52
1747351468.323161514,54213,984,-10,8,56
1747351468.323161514,54213,985,-10,8,60
1747351468.323161514,54213,988,-10,5,58
1747351468.323161514,54213,990,-10,11,46
1747351468.323161514,54213,991,-10,9,50
1747351468.323161514,54213,992,-10,10,50
1747351468.323161514,54213,993,-10,7,60
1747351468.323161514,54213,994,-10,9,56
1747351468.323161514,54213,995,-10,7,48
1747351468.323161514,54213,996,-10,8,54
1747351468.323161514,54213,997,-10,8,55
1747351468.323161514,54213,998,-10,15,52
1747351468.323161514,54213,999,-10,12,55
1747351468.323161514,54213,1000,-10,12,55
1747351468.323161514,54213,1001,-10,10,57
1747351468.323161514,54213,1002,-10,15,56
1747351468.323161514,54213,1003,-10,7,61
1747351468.323161514,54213,1004,-10,9,59
1747351468.323161514,54213,1005,-10,8,58
1747351468.323161514,54213,1006,-10,15,65
1747351468.323161514,54213,1007,-10,15,62
1747351468.323161514,54213,1008,-10,13,61
1747351468.323161514,54213,1009,-10,13,64
1747351468.323161514,54213,1010,-10,7,69
1747351468.323161514,54213,1014,-10,11,88
1747351468.323161514,54213,1015,-10,14,59
1747351468.323161514,54213,1016,-10,12,60
1747351468.323161514,54213,1017,-10,14,58
1747351468.323161514,54213,1018,-10,8,65
1747351468.323161514,54213,1022,-10,11,52
1747351468.323161514,54213,1023,-10,11,68
1747351468.323161514,54213,1024,-10,7,49
1747351468.323161514,54213,1025,-10,10,54
1747351468.323161514,54213,1026,-10,10,55
1747351468.323161514,54214,1027,-10,7,58
1747351468.323161514,54214,1028,-10,8,56
1747351468.323161514,54214,1029,-10,7,57
1747351468.323161514,54214,1030,-10,9,55
1747351468.323161514,54214,1031,-10,12,56
1747351468.323161514,54214,1032,-10,9,52
1747351468.323161514,54214,1033,-10,8,50
1747351468.323161514,54214,1034,-10,8,52
1747351468.323161514,54214,1035,-10,11,61
1747351468.323161514,54214,1036,-10,8,53
1747351468.323161514,54214,1037,-10,14,49
1747351468.323161514,54214,1046,-10,10,68
1747351468.323161514,54214,1047,-10,7,61
1747351468.323161514,54214,1048,-10,9,53
1747351468.323161514,54214,1049,-10,7,59
1747351468.323161514,54214,1050,-10,6,55
1747351468.323161514,54214,1051,-10,6,54
1747351468.323161514,54214,1052,-10,6,58
1747351468.323161514,54214,1054,-10,6,47
1747351468.323161514,54214,1055,-10,3,61
1747351468.323161514,54214,1056,-10,6,57
1747351468.323161514,54214,1057,-10,3,52
1747351468.323161514,54214,1059,-10,3,59
1747351468.323161514,54214,1062,-10,4,47
1747351468.323161514,54214,1063,-10,4,44
1747351468.323161514,54214,1064,-10,9,69
1747351468.323161514,54214,1065,-10,6,62
1747351468.323161514,54214,1066,-10,4,46
1747351468.323161514,54214,1067,-10,10,61
1747351468.323161514,54214,1068,-10,8,41
1747351468.323161514,54214,1069,-10,6,53
1747351468.323161514,54214,1070,-10,5,55
1747351468.323161514,54214,1071,-10,5,56
1747351468.323161514,54214,1072,-10,5,53
1747351468.323161514,54214,1073,-10,6,44
1747351468.323161514,54214,1074,-10,6,49
1747351468.323161514,54214,1075,-10,5,51
1747351468.323161514,54214,1076,-10,3,53
1747351468.323161514,54214,1077,-10,4,51
1747351468.323161514,54214,1078,-10,17,56
1747351468.323161514,54214,1079,-10,13,60
1747351468.323161514,54214,1080,-10,14,62
1747351468.323161514,54214,1081,-10,14,58
1747351468.323161514,54214,1082,-10,10,60
1747351468.323161514,54214,1083,-10,11,66
1747351468.323161514,54214,1084,-10,10,59
1747351468.323161514,54214,1085,-10,13,59
1747351468.323161514,54214,1086,-10,12,57
1747351468.323161514,54214,1087,-10,11,49
1747351468.323161514,54214,1088,-10,8,53
1747351468.323161514,54214,1089,-10,10,59
1747351468.323161514,54214,1090,-10,9,55
1747351468.323161514,54214,1091,-10,7,56
1747351468.323161514,54214,1092,-10,7,56
1747351468.323161514,54214,1093,-10,8,55
1747351468.323161514,54214,1094,-10,5,56
1747351468.323161514,54214,1095,-10,5,60
1747351468.323161514,54214,1096,-10,7,58
1747351468.323161514,54214,1097,-10,5,61
1747351468.323161514,54214,1098,-10,4,59
1747351468.323161514,54214,1099,-10,7,58
1747351468.323161514,54214,1100,-10,5,58
1747351468.323161514,54214,1101,-10,8,46
1747351468.323161514,54214,1102,-10,11,72
1747351468.323161514,54214,1103,-10,11,56
1747351468.323161514,54214,1104,-10,14,72
1747351468.323161514,54214,1105,-10,10,58
1747351468.323161514,54214,1106,-10,11,62
1747351468.323161514,54214,1107,-10,4,66
1747351468.323161514,54214,1108,-10,7,70
1747351468.323161514,54214,1109,-10,9,60
1747351468.323161514,54214,1110,-10,18,67
1747351468.323161514,54214,1111,-10,16,87
1747351468.323161514,54214,1112,-10,16,68
1747351468.323161514,54214,1113,-10,24,64
1747351468.323161514,54214,1114,-10,10,77
1747351468.323161514,54214,1115,-10,14,77
1747351468.323161514,54214,1116,-10,9,75
1747351468.323161514,54214,1117,-10,10,80
1747351468.323161514,54214,1118,-10,14,78
1747351468.323161514,54214,1119,-10,21,69
1747351468.323161514,54214,1120,-10,11,56
1747351468.323161514,54214,1121,-10,17,67
1747351468.323161514,54214,1122,-10,13,71
1747351468.323161514,54214,1123,-10,12,75
1747351468.323161514,54214,1124,-10,8,74
1747351468.323161514,54214,1125,-10,10,62
1747351468.323161514,54214,1126,-10,7,49
1747351468.323161514,54214,1127,-10,6,50
1747351468.323161514,54214,1128,-10,6,63
1747351468.323161514,54214,1129,-10,7,54
1747351468.323161514,54214,1130,-10,4,56
1747351468.323161514,54214,1131,-10,2,58
1747351468.323161514,54214,1132,-10,5,57
1747351468.323161514,54214,1133,-10,4,57
1747351468.323161514,54214,1134,-10,10,64
1747351468.323161514,54214,1135,-10,9,65
1747351468.323161514,54214,1136,-10,12,72
1747351468.323161514,54214,1137,-10,12,64
1747351468.323161514,54214,1138,-10,7,62
1747351468.323161514,54214,1139,-10,9,67
1747351468.323161514,54214,1140,-10,8,69
1747351468.323161514,54214,1141,-10,6,72
1747351468.323161514,54214,1142,-10,10,75
1747351468.323161514,54214,1143,-10,9,76
1747351468.323161514,54214,1144,-10,9,74
1747351468.323161514,54214,1145,-10,13,69
1747351468.323161514,54214,1146,-10,8,66
1747351468.323161514,54214,1147,-10,7,77
1747351468.323161514,54214,1148,-10,6,68
1747351468.323161514,54214,1149,-10,6,68
1747351468.323161514,54213,878,19,0,2
1747351468.323161514,54213,880,19,0,2
1747351468.323161514,54213,882,19,0,2
1747351468.323161514,54213,884,19,0,2
1747351468.323161514,54213,886,19,0,2
1747351468.323161514,54213,888,19,0,2
1747351468.323161514,54213,890,19,0,1
1747351468.323161514,54213,892,19,0,1
1747351468.323161514,54213,894,19,0,0
1747351468.323161514,54213,896,19,0,1
1747351468.323161514,54213,898,19,0,1
1747351468.323161514,54213,900,19,0,1
1747351468.323161514,54213,902,19,0,1
1747351468.323161514,54213,904,19,0,1
1747351468.323161514,54213,906,19,0,1
1747351468.323161514,54213,908,19,0,1
end sample
1747351469.960733799,54213,879,-10,11,71
1747351469.960733799,54213,881,-10,13,75
1747351469.960733799,54213,883,-10,13,85
1747351469.960733799,54213,885,-10,8,99
1747351469.960733799,54213,887,-10,7,87
1747351469.960733799,54213,891,-10,6,74
1747351469.960733799,54213,895,-10,8,57
1747351469.960733799,54213,897,-10,12,68
1747351469.960733799,54213,899,-10,12,79
1747351469.960733799,54213,901,-10,9,60
1747351469.960733799,54213,903,-10,9,65
1747351469.960733799,54213,909,-10,7,70
1747351469.960733799,54213,910,-10,10,55
1747351469.960733799,54213,911,-10,16,70
1747351469.960733799,54213,912,-10,14,67
1747351469.960733799,54213,913,-10,13,69
1747351469.960733799,54213,914,-10,11,74
1747351469.960733799,54213,918,-10,12,99
1747351469.960733799,54213,919,-10,15,67
1747351469.960733799,54213,920,-10,13,72
1747351469.960733799,54213,921,-10,10,82
1747351469.960733799,54213,922,-10,13,76
1747351469.960733799,54213,923,-10,10,81
1747351469.960733799,54213,925,-10,11,79
1747351469.960733799,54213,926,-10,7,59
1747351469.960733799,54213,927,-10,7,61
1747351469.960733799,54213,928,-10,8,58
1747351469.960733799,54213,929,-10,6,66
1747351469.960733799,54213,930,-10,7,64
1747351469.960733799,54213,932,-10,7,64
1747351469.960733799,54213,934,-10,5,49
1747351469.960733799,54213,935,-10,6,48
1747351469.960733799,54213,936,-10,5,51
1747351469.960733799,54213,937,-10,3,51
1747351469.960733799,54213,938,-10,6,48
1747351469.960733799,54213,939,-10,3,52
1747351469.960733799,54213,940,-10,5,51
1747351469.960733799,54213,941,-10,4,52
1747351469.960733799,54213,942,-10,10,85
1747351469.960733799,54213,943,-10,6,94
1747351469.960733799,54213,944,-10,8,93
1747351469.960733799,54213,945,-10,14,78
1747351469.960733799,54213,946,-10,8,88
1747351469.960733799,54213,949,-10,10,87
1747351469.960733799,54213,950,-10,5,63
1747351469.960733799,54213,951,-10,7,74
1747351469.960733799,54213,952,-10,10,75
1747351469.960733799,54213,953,-10,7,61
1747351469.960733799,54213,954,-10,6,71
1747351469.960733799,54213,956,-10,6,64
1747351469.960733799,54213,966,-10,12,78
1747351469.960733799,54213,967,-10,17,74
1747351469.960733799,54213,968,-10,13,85
1747351469.960733799,54213,969,-10,15,79
1747351469.960733799,54213,971,-10,13,80
1747351469.960733799,54213,972,-10,13,80
1747351469.960733799,54213,974,-10,9,51
1747351469.960733799,54213,975,-10,7,59
1747351469.960733799,54213,976,-10,5,51
1747351469.960733799,54213,977,-10,2,53
1747351469.960733799,54213,980,-10,6,48
1747351469.960733799,54213,981,-10,4,50
1747351469.960733799,54213,990,-10,15,55
1747351469.960733799,54213,991,-10,11,62
1747351469.960733799,54213,992,-10,13,61
1747351469.960733799,54213,993,-10,8,72
1747351469.960733799,54213,995,-10,11,63
1747351469.960733799,54213,998,-10,18,64
1747351469.960733799,54213,999,-10,13,67
1747351469.960733799,54213,1000,-10,14,71
1747351469.960733799,54213,1001,-10,14,70
1747351469.960733799,54213,1002,-10,17,66
1747351469.960733799,54213,1003,-10,10,73
1747351469.960733799,54213,1004,-10,11,71
1747351469.960733799,54213,1005,-10,9,71
1747351469.960733799,54213,1022,-10,15,65
1747351469.960733799,54213,1023,-10,12,82
1747351469.960733799,54213,1024,-10,9,59
1747351469.960733799,54213,1025,-10,11,67
1747351469.960733799,54213,1026,-10,11,67
1747351469.960733799,54214,1027,-10,9,70
1747351469.960733799,54214,1028,-10,9,69
1747351469.960733799,54214,1029,-10,9,70
1747351469.960733799,54214,1030,-10,13,64
1747351469.960733799,54214,1031,-10,15,71
1747351469.960733799,54214,1032,-10,12,64
1747351469.960733799,54214,1033,-10,11,62
1747351469.960733799,54214,1034,-10,12,65
1747351469.960733799,54214,1036,-10,12,67
1747351469.960733799,54214,1037,-10,15,65
1747351469.960733799,54214,1046,-10,12,77
1747351469.960733799,54214,1047,-10,9,69
1747351469.960733799,54214,1048,-10,12,61
1747351469.960733799,54214,1049,-10,8,69
1747351469.960733799,54214,1050,-10,9,65
1747351469.960733799,54214,1051,-10,7,64
1747351469.960733799,54214,1052,-10,6,70
1747351469.960733799,54214,1062,-10,6,59
1747351469.960733799,54214,1063,-10,7,56
1747351469.960733799,54214,1064,-10,12,80
1747351469.960733799,54214,1065,-10,11,72
1747351469.960733799,54214,1066,-10,6,57
1747351469.960733799,54214,1067,-10,12,72
1747351469.960733799,54214,1068,-10,10,52
1747351469.960733799,54214,1069,-10,9,63
1747351469.960733799,54214,1070,-10,6,62
1747351469.960733799,54214,1071,-10,6,66
1747351469.960733799,54214,1072,-10,5,61
1747351469.960733799,54214,1073,-10,7,50
1747351469.960733799,54214,1074,-10,6,58
1747351469.960733799,54214,1075,-10,6,57
1747351469.960733799,54214,1076,-10,3,62
1747351469.960733799,54214,1077,-10,5,59
1747351469.960733799,54214,1078,-10,18,66
1747351469.960733799,54214,1079,-10,15,69
1747351469.960733799,54214,1080,-10,17,69
1747351469.960733799,54214,1081,-10,17,67
1747351469.960733799,54214,1082,-10,11,69
1747351469.960733799,54214,1083,-10,13,77
1747351469.960733799,54214,1084,-10,11,68
1747351469.960733799,54214,1085,-10,14,67
1747351469.960733799,54214,1086,-10,12,65
1747351469.960733799,54214,1087,-10,12,56
1747351469.960733799,54214,1088,-10,8,60
1747351469.960733799,54214,1089,-10,10,68
1747351469.960733799,54214,1090,-10,9,63
1747351469.960733799,54214,1091,-10,8,64
1747351469.960733799,54214,1092,-10,8,63
1747351469.960733799,54214,1093,-10,9,63
1747351469.960733799,54214,1094,-10,5,64
1747351469.960733799,54214,1095,-10,5,67
1747351469.960733799,54214,1096,-10,8,64
1747351469.960733799,54214,1097,-10,8,69
1747351469.960733799,54214,1098,-10,5,66
1747351469.960733799,54214,1099,-10,8,66
1747351469.960733799,54214,1100,-10,6,66
1747351469.960733799,54214,1101,-10,9,55
1747351469.960733799,54214,1102,-10,13,95
1747351469.960733799,54214,1103,-10,13,67
1747351469.960733799,54214,1104,-10,16,89
1747351469.960733799,54214,1105,-10,13,71
1747351469.960733799,54214,1106,-10,12,77
1747351469.960733799,54214,1107,-10,4,81
1747351469.960733799,54214,1108,-10,9,83
1747351469.960733799,54214,1109,-10,9,75
1747351469.960733799,54214,1110,-10,18,83
1747351469.960733799,54214,1111,-10,17,102
1747351469.960733799,54214,1112,-10,17,78
1747351469.960733799,54214,1113,-10,26,78
1747351469.960733799,54214,1114,-10,12,95
1747351469.960733799,54214,1115,-10,15,89
1747351469.960733799,54214,1116,-10,10,86
1747351469.960733799,54214,1117,-10,12,91
1747351469.960733799,54214,1118,-10,19,91
1747351469.960733799,54214,1119,-10,24,84
1747351469.960733799,54214,1120,-10,13,68
1747351469.960733799,54214,1121,-10,20,82
1747351469.960733799,54214,1122,-10,17,85
1747351469.960733799,54214,1123,-10,14,91
1747351469.960733799,54214,1124,-10,11,89
1747351469.960733799,54214,1125,-10,15,76
1747351469.960733799,54214,1142,-10,12,85
1747351469.960733799,54214,1143,-10,10,86
1747351469.960733799,54214,1144,-10,13,82
1747351469.960733799,54214,1145,-10,15,80
1747351469.960733799,54214,1146,-10,9,76
1747351469.960733799,54214,1147,-10,8,88
1747351469.960733799,54214,1148,-10,7,77
1747351469.960733799,54214,1149,-10,7,79
1747351469.960733799,54213,878,19,0,2
1747351469.960733799,54213,880,19,0,2
1747351469.960733799,54213,882,19,0,2
1747351469.960733799,54213,884,19,0,2
1747351469.960733799,54213,886,19,0,2
1747351469.960733799,54213,888,19,0,2
1747351469.960733799,54213,890,19,0,1
1747351469.960733799,54213,892,19,0,1
1747351469.960733799,54213,894,19,0,0
1747351469.960733799,54213,896,19,0,1
1747351469.960733799,54213,898,19,0,1
1747351469.960733799,54213,900,19,0,1
1747351469.960733799,54213,902,19,0,1
1747351469.960733799,54213,904,19,0,1
1747351469.960733799,54213,906,19,0,1
1747351469.960733799,54213,908,19,0,1
end sample
1747351471.115318145,54213,879,-10,12,77
1747351471.115318145,54213,881,-10,14,82
1747351471.115318145,54213,883,-10,14,95
1747351471.115318145,54213,885,-10,9,105
1747351471.115318145,54213,891,-10,8,91
1747351471.115318145,54213,895,-10,9,66
1747351471.115318145,54213,897,-10,14,77
1747351471.115318145,54213,899,-10,14,86
1747351471.115318145,54213,901,-10,11,70
1747351471.115318145,54213,903,-10,10,84
1747351471.115318145,54213,909,-10,8,82
1747351471.115318145,54213,910,-10,11,60
1747351471.115318145,54213,911,-10,16,75
1747351471.115318145,54213,912,-10,15,70
1747351471.115318145,54213,913,-10,14,73
1747351471.115318145,54213,914,-10,12,87
1747351471.115318145,54213,918,-10,15,110
1747351471.115318145,54213,919,-10,19,79
1747351471.115318145,54213,920,-10,16,84
1747351471.115318145,54213,921,-10,12,96
1747351471.115318145,54213,922,-10,16,92
1747351471.115318145,54213,923,-10,13,97
1747351471.115318145,54213,925,-10,13,96
1747351471.115318145,54213,942,-10,10,92
1747351471.115318145,54213,943,-10,7,101
1747351471.115318145,54213,944,-10,8,99
1747351471.115318145,54213,945,-10,15,83
1747351471.115318145,54213,949,-10,11,104
1747351471.115318145,54213,998,-10,20,72
1747351471.115318145,54213,999,-10,15,83
1747351471.115318145,54213,1000,-10,15,81
1747351471.115318145,54213,1001,-10,15,80
1747351471.115318145,54213,1002,-10,19,74
1747351471.115318145,54213,1003,-10,11,84
1747351471.115318145,54213,1004,-10,12,78
1747351471.115318145,54213,1005,-10,9,81
1747351471.115318145,54213,1022,-10,17,75
1747351471.115318145,54213,1023,-10,13,89
1747351471.115318145,54213,1024,-10,10,69
1747351471.115318145,54213,1025,-10,12,76
1747351471.115318145,54214,1028,-10,11,79
1747351471.115318145,54214,1029,-10,9,81
1747351471.115318145,54214,1030,-10,13,75
1747351471.115318145,54214,1031,-10,16,84
1747351471.115318145,54214,1032,-10,14,76
1747351471.115318145,54214,1033,-10,12,72
1747351471.115318145,54214,1034,-10,13,73
1747351471.115318145,54214,1036,-10,13,80
1747351471.115318145,54214,1062,-10,9,74
1747351471.115318145,54214,1063,-10,9,66
1747351471.115318145,54214,1064,-10,13,91
1747351471.115318145,54214,1065,-10,15,88
1747351471.115318145,54214,1066,-10,6,72
1747351471.115318145,54214,1068,-10,13,63
1747351471.115318145,54214,1069,-10,10,79
1747351471.115318145,54214,1078,-10,20,78
1747351471.115318145,54214,1079,-10,16,81
1747351471.115318145,54214,1080,-10,20,80
1747351471.115318145,54214,1081,-10,21,76
1747351471.115318145,54214,1082,-10,13,81
1747351471.115318145,54214,1083,-10,14,89
1747351471.115318145,54214,1084,-10,13,80
1747351471.115318145,54214,1085,-10,17,77
1747351471.115318145,54214,1086,-10,12,73
1747351471.115318145,54214,1087,-10,13,64
1747351471.115318145,54214,1088,-10,10,67
1747351471.115318145,54214,1089,-10,10,80
1747351471.115318145,54214,1090,-10,9,72
1747351471.115318145,54214,1091,-10,9,72
1747351471.115318145,54214,1092,-10,9,71
1747351471.115318145,54214,1093,-10,9,72
1747351471.115318145,54214,1102,-10,13,103
1747351471.115318145,54214,1103,-10,14,74
1747351471.115318145,54214,1104,-10,16,97
1747351471.115318145,54214,1105,-10,15,78
1747351471.115318145,54214,1107,-10,5,90
1747351471.115318145,54214,1109,-10,10,84
1747351471.115318145,54214,1110,-10,19,88
1747351471.115318145,54214,1111,-10,17,107
1747351471.115318145,54214,1112,-10,18,82
1747351471.115318145,54214,1113,-10,26,87
1747351471.115318145,54214,1115,-10,17,95
1747351471.115318145,54214,1116,-10,11,92
1747351471.115318145,54214,1117,-10,13,96
1747351471.115318145,54214,1118,-10,19,94
1747351471.115318145,54214,1119,-10,25,86
1747351471.115318145,54214,1120,-10,14,71
1747351471.115318145,54214,1121,-10,20,85
1747351471.115318145,54214,1122,-10,18,87
1747351471.115318145,54214,1123,-10,14,95
1747351471.115318145,54214,1124,-10,12,91
1747351471.115318145,54214,1125,-10,15,78
1747351471.115318145,54214,1142,-10,13,91
1747351471.115318145,54214,1143,-10,10,93
1747351471.115318145,54214,1144,-10,15,87
1747351471.115318145,54214,1145,-10,16,85
1747351471.115318145,54214,1146,-10,9,83
1747351471.115318145,54214,1147,-10,8,93
1747351471.115318145,54214,1148,-10,8,82
1747351471.115318145,54214,1149,-10,8,84
1747351471.115318145,54213,878,19,0,3
1747351471.115318145,54213,880,19,0,3
1747351471.115318145,54213,882,19,0,3
1747351471.115318145,54213,884,19,0,2
1747351471.115318145,54213,886,19,0,3
1747351471.115318145,54213,888,19,0,3
1747351471.115318145,54213,890,19,0,2
1747351471.115318145,54213,892,19,0,2
1747351471.115318145,54213,894,19,1,1
1747351471.115318145,54213,896,19,0,2
1747351471.115318145,54213,898,19,0,2
1747351471.115318145,54213,900,19,1,1
1747351471.115318145,54213,902,19,0,2
1747351471.115318145,54213,904,19,0,2
1747351471.115318145,54213,906,19,0,2
1747351471.115318145,54213,908,19,0,2
end sample
1747351471.357879078,54213,895,-10,10,69
1747351471.357879078,54213,897,-10,15,80
1747351471.357879078,54213,899,-10,16,90
1747351471.357879078,54213,901,-10,11,73
1747351471.357879078,54213,903,-10,11,89
1747351471.357879078,54213,909,-10,9,90
1747351471.357879078,54213,918,-10,15,112
1747351471.357879078,54213,919,-10,19,82
1747351471.357879078,54213,920,-10,17,87
1747351471.357879078,54213,921,-10,12,99
1747351471.357879078,54213,922,-10,17,96
1747351471.357879078,54213,923,-10,13,101
1747351471.357879078,54213,925,-10,13,100
1747351471.357879078,54213,942,-10,11,96
1747351471.357879078,54213,943,-10,7,104
1747351471.357879078,54213,944,-10,9,102
1747351471.357879078,54213,945,-10,15,86
1747351471.357879078,54213,949,-10,12,115
1747351471.357879078,54213,998,-10,21,74
1747351471.357879078,54213,999,-10,16,86
1747351471.357879078,54213,1000,-10,16,85
1747351471.357879078,54213,1001,-10,15,84
1747351471.357879078,54213,1002,-10,19,76
1747351471.357879078,54213,1003,-10,11,89
1747351471.357879078,54213,1004,-10,12,81
1747351471.357879078,54213,1005,-10,10,85
1747351471.357879078,54214,1030,-10,14,78
1747351471.357879078,54214,1031,-10,17,86
1747351471.357879078,54214,1032,-10,14,79
1747351471.357879078,54214,1033,-10,13,74
1747351471.357879078,54214,1034,-10,13,81
1747351471.357879078,54214,1062,-10,9,79
1747351471.357879078,54214,1063,-10,10,69
1747351471.357879078,54214,1064,-10,14,94
1747351471.357879078,54214,1065,-10,15,94
1747351471.357879078,54214,1066,-10,6,76
1747351471.357879078,54214,1068,-10,13,68
1747351471.357879078,54214,1069,-10,10,83
1747351471.357879078,54214,1078,-10,20,82
1747351471.357879078,54214,1079,-10,16,86
1747351471.357879078,54214,1080,-10,21,84
1747351471.357879078,54214,1081,-10,22,80
1747351471.357879078,54214,1082,-10,13,84
1747351471.357879078,54214,1083,-10,15,94
1747351471.357879078,54214,1084,-10,13,84
1747351471.357879078,54214,1085,-10,18,81
1747351471.357879078,54214,1102,-10,14,107
1747351471.357879078,54214,1103,-10,15,77
1747351471.357879078,54214,1104,-10,17,101
1747351471.357879078,54214,1105,-10,16,80
1747351471.357879078,54214,1109,-10,10,92
1747351471.357879078,54214,1110,-10,19,91
1747351471.357879078,54214,1111,-10,17,109
1747351471.357879078,54214,1112,-10,18,86
1747351471.357879078,54214,1113,-10,26,90
1747351471.357879078,54214,1115,-10,17,99
1747351471.357879078,54214,1116,-10,11,95
1747351471.357879078,54214,1117,-10,13,100
1747351471.357879078,54214,1118,-10,19,96
1747351471.357879078,54214,1119,-10,26,87
1747351471.357879078,54214,1120,-10,15,72
1747351471.357879078,54214,1121,-10,20,88
1747351471.357879078,54214,1123,-10,14,96
1747351471.357879078,54214,1124,-10,12,93
1747351471.357879078,54214,1125,-10,15,80
1747351471.357879078,54214,1142,-10,13,96
1747351471.357879078,54214,1143,-10,11,98
1747351471.357879078,54214,1144,-10,16,91
1747351471.357879078,54214,1145,-10,19,88
1747351471.357879078,54214,1146,-10,10,88
1747351471.357879078,54214,1147,-10,9,97
1747351471.357879078,54214,1148,-10,8,88
1747351471.357879078,54214,1149,-10,8,89
1747351471.357879078,54213,878,19,0,4
1747351471.357879078,54213,880,19,0,4
1747351471.357879078,54213,882,19,0,4
1747351471.357879078,54213,884,19,0,3
1747351471.357879078,54213,886,19,0,4
1747351471.357879078,54213,888,19,0,4
1747351471.357879078,54213,890,19,0,3
1747351471.357879078,54213,892,19,0,3
1747351471.357879078,54213,894,19,1,1
1747351471.357879078,54213,896,19,0,3
1747351471.357879078,54213,898,19,0,3
1747351471.357879078,54213,900,19,1,2
1747351471.357879078,54213,902,19,0,3
1747351471.357879078,54213,904,19,0,3
1747351471.357879078,54213,906,19,0,4
1747351471.357879078,54213,908,19,0,3
end sample
1747351471.492103685,54213,895,-10,10,72
1747351471.492103685,54213,897,-10,15,83
1747351471.492103685,54213,899,-10,16,93
1747351471.492103685,54213,901,-10,12,76
1747351471.492103685,54213,903,-10,12,91
1747351471.492103685,54213,918,-10,16,113
1747351471.492103685,54213,919,-10,19,85
1747351471.492103685,54213,920,-10,17,89
1747351471.492103685,54213,921,-10,12,102
1747351471.492103685,54213,922,-10,17,98
1747351471.492103685,54213,923,-10,13,103
1747351471.492103685,54213,925,-10,13,101
1747351471.492103685,54213,998,-10,21,77
1747351471.492103685,54213,999,-10,16,88
1747351471.492103685,54213,1000,-10,17,86
1747351471.492103685,54213,1001,-10,15,86
1747351471.492103685,54213,1002,-10,19,78
1747351471.492103685,54213,1003,-10,12,91
1747351471.492103685,54213,1004,-10,12,84
1747351471.492103685,54213,1005,-10,11,88
1747351471.492103685,54214,1062,-10,9,80
1747351471.492103685,54214,1063,-10,10,71
1747351471.492103685,54214,1064,-10,14,96
1747351471.492103685,54214,1065,-10,16,96
1747351471.492103685,54214,1066,-10,6,78
1747351471.492103685,54214,1068,-10,13,71
1747351471.492103685,54214,1069,-10,10,87
1747351471.492103685,54214,1078,-10,21,83
1747351471.492103685,54214,1079,-10,16,88
1747351471.492103685,54214,1080,-10,21,85
1747351471.492103685,54214,1081,-10,22,82
1747351471.492103685,54214,1082,-10,13,86
1747351471.492103685,54214,1083,-10,15,95
1747351471.492103685,54214,1084,-10,13,84
1747351471.492103685,54214,1085,-10,18,85
1747351471.492103685,54214,1110,-10,19,93
1747351471.492103685,54214,1111,-10,17,112
1747351471.492103685,54214,1112,-10,18,89
1747351471.492103685,54214,1113,-10,26,93
1747351471.492103685,54214,1116,-10,11,103
1747351471.492103685,54214,1117,-10,13,100
1747351471.492103685,54214,1118,-10,19,99
1747351471.492103685,54214,1119,-10,26,91
1747351471.492103685,54214,1120,-10,15,75
1747351471.492103685,54214,1121,-10,20,91
1747351471.492103685,54214,1125,-10,16,85
1747351471.492103685,54214,1142,-10,14,99
1747351471.492103685,54214,1143,-10,11,102
1747351471.492103685,54214,1144,-10,17,95
1747351471.492103685,54214,1145,-10,19,92
1747351471.492103685,54214,1146,-10,10,91
1747351471.492103685,54214,1147,-10,9,99
1747351471.492103685,54214,1148,-10,9,91
1747351471.492103685,54214,1149,-10,9,94
1747351471.492103685,54213,878,19,0,4
1747351471.492103685,54213,880,19,0,4
1747351471.492103685,54213,882,19,0,4
1747351471.492103685,54213,884,19,0,3
1747351471.492103685,54213,886,19,0,5
1747351471.492103685,54213,888,19,0,5
1747351471.492103685,54213,890,19,0,4
1747351471.492103685,54213,892,19,0,4
1747351471.492103685,54213,894,19,1,2
1747351471.492103685,54213,896,19,0,4
1747351471.492103685,54213,898,19,0,4
1747351471.492103685,54213,900,19,1,3
1747351471.492103685,54213,902,19,0,4
1747351471.492103685,54213,904,19,0,4
1747351471.492103685,54213,906,19,0,5
1747351471.492103685,54213,908,19,0,4
end sample
1747351471.606563959,54213,918,-10,16,115
1747351471.606563959,54213,919,-10,19,87
1747351471.606563959,54213,920,-10,17,91
1747351471.606563959,54213,921,-10,12,104
1747351471.606563959,54213,923,-10,13,108
1747351471.606563959,54213,998,-10,21,82
1747351471.606563959,54213,999,-10,16,92
1747351471.606563959,54213,1000,-10,17,91
1747351471.606563959,54213,1001,-10,15,91
1747351471.606563959,54213,1002,-10,19,82
1747351471.606563959,54213,1003,-10,12,96
1747351471.606563959,54213,1004,-10,12,89
1747351471.606563959,54213,1005,-10,11,93
1747351471.606563959,54214,1062,-10,9,83
1747351471.606563959,54214,1063,-10,10,73
1747351471.606563959,54214,1064,-10,14,98
1747351471.606563959,54214,1065,-10,16,98
1747351471.606563959,54214,1066,-10,6,81
1747351471.606563959,54214,1068,-10,13,75
1747351471.606563959,54214,1078,-10,21,85
1747351471.606563959,54214,1079,-10,17,89
1747351471.606563959,54214,1080,-10,21,87
1747351471.606563959,54214,1081,-10,22,84
1747351471.606563959,54214,1082,-10,14,88
1747351471.606563959,54214,1083,-10,16,97
1747351471.606563959,54214,1084,-10,14,86
1747351471.606563959,54214,1085,-10,18,87
1747351471.606563959,54214,1118,-10,19,101
1747351471.606563959,54214,1119,-10,26,93
1747351471.606563959,54214,1120,-10,16,77
1747351471.606563959,54214,1121,-10,20,93
1747351471.606563959,54214,1125,-10,16,92
1747351471.606563959,54214,1142,-10,14,101
1747351471.606563959,54214,1143,-10,11,105
1747351471.606563959,54214,1144,-10,17,98
1747351471.606563959,54214,1145,-10,19,94
1747351471.606563959,54214,1146,-10,11,93
1747351471.606563959,54214,1147,-10,9,102
1747351471.606563959,54214,1148,-10,9,94
1747351471.606563959,54214,1149,-10,9,98
1747351471.606563959,54213,878,19,0,5
1747351471.606563959,54213,880,19,0,6
1747351471.606563959,54213,882,19,0,6
1747351471.606563959,54213,884,19,0,5
1747351471.606563959,54213,886,19,0,6
1747351471.606563959,54213,888,19,1,6
1747351471.606563959,54213,890,19,0,6
1747351471.606563959,54213,892,19,0,6
1747351471.606563959,54213,894,19,1,4
1747351471.606563959,54213,896,19,0,5
1747351471.606563959,54213,898,19,0,5
1747351471.606563959,54213,900,19,1,5
1747351471.606563959,54213,902,19,0,5
1747351471.606563959,54213,904,19,0,5
1747351471.606563959,54213,906,19,0,6
1747351471.606563959,54213,908,19,0,6
end sample
1747351471.716910706,54213,998,-10,21,84
1747351471.716910706,54213,999,-10,17,95
1747351471.716910706,54213,1000,-10,17,93
1747351471.716910706,54213,1001,-10,16,93
1747351471.716910706,54213,1002,-10,19,86
1747351471.716910706,54213,1003,-10,12,99
1747351471.716910706,54213,1004,-10,13,92
1747351471.716910706,54214,1062,-10,10,85
1747351471.716910706,54214,1063,-10,10,76
1747351471.716910706,54214,1064,-10,14,101
1747351471.716910706,54214,1065,-10,16,100
1747351471.716910706,54214,1066,-10,7,87
1747351471.716910706,54214,1068,-10,13,80
1747351471.716910706,54214,1078,-10,22,88
1747351471.716910706,54214,1079,-10,17,94
1747351471.716910706,54214,1080,-10,21,91
1747351471.716910706,54214,1081,-10,22,89
1747351471.716910706,54214,1082,-10,15,92
1747351471.716910706,54214,1083,-10,16,102
1747351471.716910706,54214,1084,-10,15,90
1747351471.716910706,54214,1085,-10,19,90
1747351471.716910706,54214,1142,-10,14,105
1747351471.716910706,54214,1143,-10,12,107
1747351471.716910706,54214,1144,-10,17,101
1747351471.716910706,54214,1145,-10,19,98
1747351471.716910706,54214,1146,-10,11,96
1747351471.716910706,54214,1147,-10,10,105
1747351471.716910706,54214,1148,-10,9,98
1747351471.716910706,54214,1149,-10,9,102
1747351471.716910706,54213,878,19,0,7
1747351471.716910706,54213,880,19,0,8
1747351471.716910706,54213,882,19,0,8
1747351471.716910706,54213,884,19,0,7
1747351471.716910706,54213,886,19,0,8
1747351471.716910706,54213,888,19,1,8
1747351471.716910706,54213,890,19,0,8
1747351471.716910706,54213,892,19,0,8
1747351471.716910706,54213,894,19,1,7
1747351471.716910706,54213,896,19,0,8
1747351471.716910706,54213,898,19,0,8
1747351471.716910706,54213,900,19,1,7
1747351471.716910706,54213,902,19,1,8
1747351471.716910706,54213,904,19,0,9
1747351471.716910706,54213,906,19,0,10
1747351471.716910706,54213,908,19,0,9
end sample
1747351471.825485420,54213,998,-10,22,85
1747351471.825485420,54213,999,-10,17,97
1747351471.825485420,54213,1000,-10,18,95
1747351471.825485420,54213,1001,-10,16,95
1747351471.825485420,54213,1002,-10,19,89
1747351471.825485420,54213,1004,-10,13,95
1747351471.825485420,54214,1062,-10,10,87
1747351471.825485420,54214,1063,-10,11,77
1747351471.825485420,54214,1064,-10,14,103
1747351471.825485420,54214,1065,-10,17,101
1747351471.825485420,54214,1068,-10,13,83
1747351471.825485420,54214,1078,-10,24,92
1747351471.825485420,54214,1079,-10,18,98
1747351471.825485420,54214,1080,-10,22,96
1747351471.825485420,54214,1081,-10,23,93
1747351471.825485420,54214,1082,-10,15,96
1747351471.825485420,54214,1083,-10,16,107
1747351471.825485420,54214,1084,-10,16,94
1747351471.825485420,54214,1085,-10,20,94
1747351471.825485420,54214,1142,-10,14,110
1747351471.825485420,54214,1143,-10,14,111
1747351471.825485420,54214,1144,-10,17,106
1747351471.825485420,54214,1145,-10,19,102
1747351471.825485420,54214,1146,-10,12,102
1747351471.825485420,54214,1147,-10,10,111
1747351471.825485420,54214,1148,-10,9,103
1747351471.825485420,54214,1149,-10,10,106
1747351471.825485420,54213,878,19,1,10
1747351471.825485420,54213,880,19,0,11
1747351471.825485420,54213,882,19,0,11
1747351471.825485420,54213,884,19,1,9
1747351471.825485420,54213,886,19,0,11
1747351471.825485420,54213,888,19,1,10
1747351471.825485420,54213,890,19,0,11
1747351471.825485420,54213,892,19,0,10
1747351471.825485420,54213,894,19,1,10
1747351471.825485420,54213,896,19,0,11
1747351471.825485420,54213,898,19,0,11
1747351471.825485420,54213,900,19,1,10
1747351471.825485420,54213,902,19,1,11
1747351471.825485420,54213,904,19,1,12
1747351471.825485420,54213,906,19,0,13
1747351471.825485420,54213,908,19,0,12
end sample
1747351471.933971845,54214,1078,-10,24,96
1747351471.933971845,54214,1079,-10,18,102
1747351471.933971845,54214,1080,-10,22,100
1747351471.933971845,54214,1081,-10,24,97
1747351471.933971845,54214,1082,-10,16,100
1747351471.933971845,54214,1083,-10,17,112
1747351471.933971845,54214,1084,-10,16,100
1747351471.933971845,54214,1085,-10,20,99
1747351471.933971845,54214,1142,-10,15,117
1747351471.933971845,54214,1143,-10,14,118
1747351471.933971845,54214,1144,-10,17,113
1747351471.933971845,54214,1145,-10,20,109
1747351471.933971845,54214,1146,-10,13,108
1747351471.933971845,54214,1147,-10,10,118
1747351471.933971845,54214,1148,-10,10,110
1747351471.933971845,54214,1149,-10,11,112
1747351471.933971845,54213,878,19,2,11
1747351471.933971845,54213,880,19,0,13
1747351471.933971845,54213,882,19,0,12
1747351471.933971845,54213,884,19,1,12
1747351471.933971845,54213,886,19,0,14
1747351471.933971845,54213,888,19,1,13
1747351471.933971845,54213,890,19,0,13
1747351471.933971845,54213,892,19,0,14
1747351471.933971845,54213,894,19,2,12
1747351471.933971845,54213,896,19,1,14
1747351471.933971845,54213,898,19,1,14
1747351471.933971845,54213,900,19,1,13
1747351471.933971845,54213,902,19,1,15
1747351471.933971845,54213,904,19,1,15
1747351471.933971845,54213,906,19,0,16
1747351471.933971845,54213,908,19,1,15
end sample
1747351472.044513586,54214,1078,-10,25,102
1747351472.044513586,54214,1079,-10,18,109
1747351472.044513586,54214,1080,-10,23,105
1747351472.044513586,54214,1081,-10,24,103
1747351472.044513586,54214,1082,-10,16,106
1747351472.044513586,54214,1084,-10,16,106
1747351472.044513586,54214,1085,-10,21,105
1747351472.044513586,54214,1142,-10,15,123
1747351472.044513586,54214,1143,-10,14,124
1747351472.044513586,54214,1144,-10,18,118
1747351472.044513586,54214,1145,-10,20,116
1747351472.044513586,54214,1146,-10,13,115
1747351472.044513586,54214,1147,-10,10,124
1747351472.044513586,54214,1148,-10,10,116
1747351472.044513586,54214,1149,-10,11,120
1747351472.044513586,54213,878,19,2,14
1747351472.044513586,54213,880,19,0,16
1747351472.044513586,54213,882,19,1,15
1747351472.044513586,54213,884,19,1,14
1747351472.044513586,54213,886,19,0,17
1747351472.044513586,54213,888,19,1,16
1747351472.044513586,54213,890,19,1,15
1747351472.044513586,54213,892,19,1,16
1747351472.044513586,54213,894,19,3,16
1747351472.044513586,54213,896,19,1,18
1747351472.044513586,54213,898,19,1,18
1747351472.044513586,54213,900,19,2,16
1747351472.044513586,54213,902,19,2,18
1747351472.044513586,54213,904,19,2,18
1747351472.044513586,54213,906,19,1,20
1747351472.044513586,54213,908,19,1,19
end sample
1747351472.152081862,54214,1078,-10,25,107
1747351472.152081862,54214,1079,-10,19,113
1747351472.152081862,54214,1080,-10,23,111
1747351472.152081862,54214,1081,-10,25,107
1747351472.152081862,54214,1084,-10,17,114
1747351472.152081862,54214,1085,-10,22,110
1747351472.152081862,54214,1142,-10,17,130
1747351472.152081862,54214,1143,-10,14,133
1747351472.152081862,54214,1144,-10,21,124
1747351472.152081862,54214,1145,-10,21,123
1747351472.152081862,54214,1146,-10,14,123
1747351472.152081862,54214,1147,-10,10,132
1747351472.152081862,54214,1148,-10,11,124
1747351472.152081862,54214,1149,-10,12,128
1747351472.152081862,54213,878,19,2,17
1747351472.152081862,54213,880,19,0,19
1747351472.152081862,54213,882,19,1,17
1747351472.152081862,54213,884,19,2,17
1747351472.152081862,54213,886,19,0,20
1747351472.152081862,54213,888,19,2,20
1747351472.152081862,54213,890,19,1,18
1747351472.152081862,54213,892,19,1,20
1747351472.152081862,54213,894,19,3,19
1747351472.152081862,54213,896,19,1,20
1747351472.152081862,54213,898,19,2,20
1747351472.152081862,54213,900,19,2,19
1747351472.152081862,54213,902,19,2,21
1747351472.152081862,54213,904,19,2,20
1747351472.152081862,54213,906,19,1,23
1747351472.152081862,54213,908,19,2,21
end sample
Time: 14.634
1747351472.258557541,54213,878,19,2,24
1747351472.258557541,54213,880,19,0,26
1747351472.258557541,54213,882,19,2,24
1747351472.258557541,54213,884,19,2,24
1747351472.258557541,54213,886,19,1,27
1747351472.258557541,54213,888,19,3,27
1747351472.258557541,54213,890,19,1,26
1747351472.258557541,54213,892,19,1,28
1747351472.258557541,54213,894,19,4,26
1747351472.258557541,54213,896,19,3,27
1747351472.258557541,54213,898,19,3,27
1747351472.258557541,54213,900,19,4,27
1747351472.258557541,54213,902,19,3,29
1747351472.258557541,54213,904,19,3,28
1747351472.258557541,54213,906,19,2,31
1747351472.258557541,54213,908,19,3,29
end sample
1747351472.364553770,54213,878,19,2,34
1747351472.364553770,54213,880,19,1,35
1747351472.364553770,54213,882,19,2,34
1747351472.364553770,54213,884,19,2,33
1747351472.364553770,54213,886,19,2,36
1747351472.364553770,54213,888,19,4,36
1747351472.364553770,54213,890,19,3,34
1747351472.364553770,54213,892,19,1,38
1747351472.364553770,54213,894,19,7,34
1747351472.364553770,54213,896,19,3,37
1747351472.364553770,54213,898,19,4,36
1747351472.364553770,54213,900,19,6,35
1747351472.364553770,54213,902,19,4,38
1747351472.364553770,54213,904,19,4,37
1747351472.364553770,54213,906,19,4,40
1747351472.364553770,54213,908,19,3,40
end sample
1747351472.474568772,54213,878,19,3,43
1747351472.474568772,54213,880,19,1,45
1747351472.474568772,54213,882,19,3,43
1747351472.474568772,54213,884,19,3,43
1747351472.474568772,54213,886,19,3,46
1747351472.474568772,54213,888,19,4,46
1747351472.474568772,54213,890,19,5,42
1747351472.474568772,54213,892,19,2,47
1747351472.474568772,54213,894,19,8,44
1747351472.474568772,54213,896,19,5,47
1747351472.474568772,54213,898,19,6,45
1747351472.474568772,54213,900,19,7,45
1747351472.474568772,54213,902,19,7,46
1747351472.474568772,54213,904,19,4,49
1747351472.474568772,54213,906,19,4,50
1747351472.474568772,54213,908,19,4,49
end sample
1747351472.580235850,54213,878,19,4,52
1747351472.580235850,54213,880,19,2,54
1747351472.580235850,54213,882,19,4,53
1747351472.580235850,54213,884,19,5,51
1747351472.580235850,54213,886,19,4,55
1747351472.580235850,54213,888,19,6,55
1747351472.580235850,54213,890,19,5,53
1747351472.580235850,54213,892,19,2,57
1747351472.580235850,54213,894,19,9,53
1747351472.580235850,54213,896,19,5,57
1747351472.580235850,54213,898,19,6,56
1747351472.580235850,54213,900,19,10,53
1747351472.580235850,54213,902,19,9,54
1747351472.580235850,54213,904,19,6,57
1747351472.580235850,54213,906,19,4,60
1747351472.580235850,54213,908,19,5,59
end sample
1747351472.686336777,54213,878,19,6,60
1747351472.686336777,54213,880,19,3,63
1747351472.686336777,54213,882,19,5,62
1747351472.686336777,54213,884,19,6,60
1747351472.686336777,54213,886,19,5,65
1747351472.686336777,54213,888,19,6,65
1747351472.686336777,54213,890,19,7,62
1747351472.686336777,54213,892,19,3,68
1747351472.686336777,54213,894,19,11,62
1747351472.686336777,54213,896,19,6,66
1747351472.686336777,54213,898,19,8,65
1747351472.686336777,54213,900,19,11,62
1747351472.686336777,54213,902,19,11,64
1747351472.686336777,54213,904,19,6,68
1747351472.686336777,54213,906,19,5,70
1747351472.686336777,54213,908,19,6,69
end sample
1747351472.792282863,54213,878,19,7,69
1747351472.792282863,54213,880,19,3,73
1747351472.792282863,54213,882,19,6,71
1747351472.792282863,54213,884,19,6,70
1747351472.792282863,54213,886,19,7,73
1747351472.792282863,54213,888,19,7,74
1747351472.792282863,54213,890,19,8,70
1747351472.792282863,54213,892,19,4,77
1747351472.792282863,54213,894,19,12,70
1747351472.792282863,54213,896,19,7,75
1747351472.792282863,54213,898,19,9,72
1747351472.792282863,54213,900,19,12,70
1747351472.792282863,54213,902,19,11,74
end sample
1747351472.897397043,54213,878,19,9,76
1747351472.897397043,54213,880,19,4,80
1747351472.897397043,54213,882,19,7,78
1747351472.897397043,54213,884,19,8,77
1747351472.897397043,54213,890,19,8,80
end sample
Time: 15.349
# Starvation test complete
