=== Scheduler Starvation Test ===
# Logical CPUs: 12
# CLK_TCK: 100

# Starting high-priority load (nice -10)

# Starting victim group (nice 19)
Running in process mode with 24 groups using 8 file descriptors each (== 192 tasks)
Each sender will pass 120000 messages of 512 bytes
Running in process mode with 2 groups using 8 file descriptors each (== 16 tasks)
Each sender will pass 120000 messages of 512 bytes
# High-priority PIDs: 192
# Victim PIDs: 16
# Total PIDs being logged: 208
timestamp,starttime,pid,nice,utime,stime
Start logging...
1747350207.415255315,333920,18759,-10,3,54
1747350207.415255315,333920,18760,-10,5,64
1747350207.415255315,333920,18762,-10,2,57
1747350207.415255315,333920,18764,-10,4,51
1747350207.415255315,333920,18766,-10,2,61
1747350207.415255315,333920,18768,-10,4,59
1747350207.415255315,333920,18770,-10,5,72
1747350207.415255315,333920,18772,-10,3,59
1747350207.415255315,333920,18774,-10,4,63
1747350207.415255315,333920,18776,-10,2,53
1747350207.415255315,333920,18778,-10,3,62
1747350207.415255315,333920,18780,-10,2,68
1747350207.415255315,333920,18782,-10,2,67
1747350207.415255315,333920,18784,-10,1,68
1747350207.415255315,333920,18786,-10,4,64
1747350207.415255315,333920,18788,-10,4,69
1747350207.415255315,333920,18790,-10,4,64
1747350207.415255315,333920,18792,-10,2,69
1747350207.415255315,333920,18793,-10,5,61
1747350207.415255315,333920,18794,-10,3,63
1747350207.415255315,333920,18795,-10,3,62
1747350207.415255315,333920,18796,-10,4,76
1747350207.415255315,333920,18797,-10,3,68
1747350207.415255315,333920,18798,-10,2,61
1747350207.415255315,333920,18799,-10,4,64
1747350207.415255315,333920,18800,-10,2,62
1747350207.415255315,333920,18801,-10,4,62
1747350207.415255315,333920,18802,-10,4,59
1747350207.415255315,333920,18803,-10,1,64
1747350207.415255315,333920,18804,-10,4,65
1747350207.415255315,333920,18805,-10,2,70
1747350207.415255315,333920,18806,-10,1,52
1747350207.415255315,333920,18807,-10,7,57
1747350207.415255315,333920,18808,-10,3,61
1747350207.415255315,333920,18809,-10,3,70
1747350207.415255315,333920,18810,-10,3,59
1747350207.415255315,333920,18811,-10,3,69
1747350207.415255315,333921,18812,-10,3,65
1747350207.415255315,333921,18813,-10,4,63
1747350207.415255315,333921,18814,-10,3,62
1747350207.415255315,333921,18815,-10,3,71
1747350207.415255315,333921,18816,-10,3,70
1747350207.415255315,333921,18817,-10,4,63
1747350207.415255315,333921,18818,-10,3,68
1747350207.415255315,333921,18819,-10,2,71
1747350207.415255315,333921,18820,-10,4,65
1747350207.415255315,333921,18821,-10,2,67
1747350207.415255315,333921,18822,-10,4,65
1747350207.415255315,333921,18823,-10,5,59
1747350207.415255315,333921,18824,-10,4,62
1747350207.415255315,333921,18825,-10,5,65
1747350207.415255315,333921,18826,-10,5,62
1747350207.415255315,333921,18827,-10,4,66
1747350207.415255315,333921,18828,-10,1,69
1747350207.415255315,333921,18829,-10,1,64
1747350207.415255315,333921,18830,-10,3,67
1747350207.415255315,333921,18831,-10,5,74
1747350207.415255315,333921,18832,-10,4,72
1747350207.415255315,333921,18833,-10,4,57
1747350207.415255315,333921,18834,-10,5,67
1747350207.415255315,333921,18835,-10,1,75
1747350207.415255315,333921,18836,-10,3,79
1747350207.415255315,333921,18837,-10,4,70
1747350207.415255315,333921,18838,-10,4,70
1747350207.415255315,333921,18839,-10,7,67
1747350207.415255315,333921,18840,-10,8,72
1747350207.415255315,333921,18841,-10,4,56
1747350207.415255315,333921,18842,-10,7,70
1747350207.415255315,333921,18843,-10,2,80
1747350207.415255315,333921,18844,-10,3,77
1747350207.415255315,333921,18845,-10,5,78
1747350207.415255315,333921,18846,-10,3,57
1747350207.415255315,333921,18847,-10,7,65
1747350207.415255315,333921,18848,-10,5,61
1747350207.415255315,333921,18849,-10,5,70
1747350207.415255315,333921,18850,-10,3,67
1747350207.415255315,333921,18851,-10,2,75
1747350207.415255315,333921,18852,-10,3,74
1747350207.415255315,333921,18853,-10,3,75
1747350207.415255315,333921,18854,-10,3,73
1747350207.415255315,333921,18855,-10,3,61
1747350207.415255315,333921,18856,-10,5,60
1747350207.415255315,333921,18857,-10,5,60
1747350207.415255315,333921,18858,-10,2,63
1747350207.415255315,333921,18859,-10,2,62
1747350207.415255315,333921,18860,-10,3,61
1747350207.415255315,333921,18861,-10,3,77
1747350207.415255315,333921,18862,-10,3,65
1747350207.415255315,333921,18863,-10,5,75
1747350207.415255315,333922,18864,-10,2,75
1747350207.415255315,333922,18865,-10,7,68
1747350207.415255315,333922,18866,-10,3,68
1747350207.415255315,333922,18867,-10,5,84
1747350207.415255315,333922,18868,-10,4,83
1747350207.415255315,333922,18869,-10,3,75
1747350207.415255315,333922,18870,-10,1,77
1747350207.415255315,333922,18871,-10,6,57
1747350207.415255315,333922,18872,-10,3,55
1747350207.415255315,333922,18873,-10,6,61
1747350207.415255315,333922,18874,-10,4,60
1747350207.415255315,333922,18875,-10,3,67
1747350207.415255315,333922,18876,-10,4,60
1747350207.415255315,333922,18877,-10,3,67
1747350207.415255315,333922,18878,-10,3,62
1747350207.415255315,333922,18879,-10,4,53
1747350207.415255315,333922,18880,-10,5,58
1747350207.415255315,333922,18881,-10,3,64
1747350207.415255315,333922,18882,-10,3,66
1747350207.415255315,333922,18883,-10,1,59
1747350207.415255315,333922,18884,-10,2,69
1747350207.415255315,333922,18885,-10,2,63
1747350207.415255315,333922,18886,-10,3,60
1747350207.415255315,333922,18887,-10,3,74
1747350207.415255315,333922,18888,-10,7,67
1747350207.415255315,333922,18889,-10,3,71
1747350207.415255315,333922,18890,-10,7,65
1747350207.415255315,333922,18891,-10,3,71
1747350207.415255315,333922,18892,-10,3,67
1747350207.415255315,333922,18893,-10,2,74
1747350207.415255315,333922,18894,-10,3,63
1747350207.415255315,333922,18895,-10,4,71
1747350207.415255315,333922,18896,-10,2,62
1747350207.415255315,333922,18897,-10,4,66
1747350207.415255315,333922,18898,-10,3,73
1747350207.415255315,333922,18899,-10,6,75
1747350207.415255315,333922,18900,-10,2,70
1747350207.415255315,333922,18901,-10,2,72
1747350207.415255315,333922,18902,-10,5,70
1747350207.415255315,333922,18903,-10,4,72
1747350207.415255315,333922,18904,-10,6,70
1747350207.415255315,333922,18905,-10,2,77
1747350207.415255315,333922,18906,-10,4,75
1747350207.415255315,333922,18907,-10,2,82
1747350207.415255315,333922,18908,-10,3,78
1747350207.415255315,333922,18909,-10,4,76
1747350207.415255315,333922,18910,-10,4,79
1747350207.415255315,333922,18911,-10,4,70
1747350207.415255315,333922,18912,-10,4,60
1747350207.415255315,333922,18913,-10,3,64
1747350207.415255315,333922,18914,-10,3,71
1747350207.415255315,333922,18915,-10,4,69
1747350207.415255315,333922,18916,-10,3,62
1747350207.415255315,333922,18917,-10,0,68
1747350207.415255315,333922,18918,-10,3,65
1747350207.415255315,333922,18919,-10,3,62
1747350207.415255315,333922,18920,-10,3,58
1747350207.415255315,333922,18921,-10,4,60
1747350207.415255315,333922,18922,-10,6,59
1747350207.415255315,333922,18923,-10,4,71
1747350207.415255315,333922,18924,-10,2,68
1747350207.415255315,333922,18925,-10,3,66
1747350207.415255315,333922,18926,-10,4,61
1747350207.415255315,333922,18927,-10,5,71
1747350207.415255315,333922,18928,-10,6,67
1747350207.415255315,333922,18929,-10,3,71
1747350207.415255315,333922,18930,-10,3,70
1747350207.415255315,333922,18931,-10,3,67
1747350207.415255315,333922,18932,-10,4,69
1747350207.415255315,333922,18933,-10,1,66
1747350207.415255315,333922,18934,-10,3,82
1747350207.415255315,333922,18935,-10,5,65
1747350207.415255315,333922,18936,-10,6,72
1747350207.415255315,333922,18937,-10,6,61
1747350207.415255315,333922,18938,-10,2,59
1747350207.415255315,333922,18939,-10,2,59
1747350207.415255315,333922,18940,-10,3,61
1747350207.415255315,333922,18941,-10,3,65
1747350207.415255315,333922,18942,-10,5,77
1747350207.415255315,333922,18943,-10,5,69
1747350207.415255315,333922,18944,-10,2,65
1747350207.415255315,333922,18945,-10,4,73
1747350207.415255315,333922,18946,-10,4,65
1747350207.415255315,333922,18947,-10,2,63
1747350207.415255315,333922,18948,-10,4,84
1747350207.415255315,333922,18949,-10,4,70
1747350207.415255315,333922,18950,-10,4,68
1747350207.415255315,333922,18951,-10,4,72
1747350207.415255315,333922,18952,-10,5,57
1747350207.415255315,333922,18953,-10,3,73
1747350207.415255315,333922,18954,-10,7,62
1747350207.415255315,333922,18955,-10,4,50
1747350207.415255315,333922,18956,-10,2,58
1747350207.415255315,333922,18957,-10,3,73
1747350207.415255315,333922,18958,-10,3,62
1747350207.415255315,333923,18959,-10,5,67
1747350207.415255315,333923,18960,-10,2,56
1747350207.415255315,333923,18961,-10,6,55
1747350207.415255315,333923,18962,-10,5,69
1747350207.415255315,333923,18963,-10,3,72
1747350207.415255315,333923,18964,-10,5,72
1747350207.415255315,333923,18965,-10,3,72
1747350207.415255315,333923,18966,-10,3,60
1747350207.415255315,333920,18761,19,0,1
1747350207.415255315,333920,18763,19,0,2
1747350207.415255315,333920,18765,19,0,1
1747350207.415255315,333920,18767,19,0,2
1747350207.415255315,333920,18769,19,0,2
1747350207.415255315,333920,18771,19,0,2
1747350207.415255315,333920,18773,19,0,2
1747350207.415255315,333920,18775,19,0,2
1747350207.415255315,333920,18777,19,0,1
1747350207.415255315,333920,18779,19,0,1
1747350207.415255315,333920,18781,19,0,1
1747350207.415255315,333920,18783,19,0,1
1747350207.415255315,333920,18785,19,1,0
1747350207.415255315,333920,18787,19,0,1
1747350207.415255315,333920,18789,19,0,1
1747350207.415255315,333920,18791,19,0,1
end sample
1747350209.504670528,333920,18759,-10,4,67
1747350209.504670528,333920,18760,-10,6,76
1747350209.504670528,333920,18762,-10,2,73
1747350209.504670528,333920,18764,-10,5,65
1747350209.504670528,333920,18766,-10,3,77
1747350209.504670528,333920,18768,-10,5,74
1747350209.504670528,333920,18770,-10,7,87
1747350209.504670528,333920,18772,-10,4,75
1747350209.504670528,333920,18774,-10,6,72
1747350209.504670528,333920,18776,-10,2,65
1747350209.504670528,333920,18778,-10,4,71
1747350209.504670528,333920,18780,-10,2,79
1747350209.504670528,333920,18782,-10,2,74
1747350209.504670528,333920,18784,-10,2,77
1747350209.504670528,333920,18786,-10,4,75
1747350209.504670528,333920,18788,-10,6,83
1747350209.504670528,333920,18790,-10,5,72
1747350209.504670528,333920,18792,-10,3,79
1747350209.504670528,333920,18793,-10,8,66
1747350209.504670528,333920,18794,-10,5,70
1747350209.504670528,333920,18795,-10,3,75
1747350209.504670528,333920,18796,-10,5,89
1747350209.504670528,333920,18797,-10,3,75
1747350209.504670528,333920,18798,-10,3,69
1747350209.504670528,333920,18799,-10,4,75
1747350209.504670528,333920,18800,-10,2,76
1747350209.504670528,333920,18801,-10,5,75
1747350209.504670528,333920,18802,-10,4,71
1747350209.504670528,333920,18803,-10,1,71
1747350209.504670528,333920,18804,-10,5,79
1747350209.504670528,333920,18805,-10,2,86
1747350209.504670528,333920,18806,-10,1,60
1747350209.504670528,333920,18807,-10,9,68
1747350209.504670528,333920,18808,-10,4,74
1747350209.504670528,333920,18809,-10,3,78
1747350209.504670528,333920,18810,-10,4,68
1747350209.504670528,333920,18811,-10,3,83
1747350209.504670528,333921,18812,-10,4,74
1747350209.504670528,333921,18813,-10,4,75
1747350209.504670528,333921,18814,-10,4,70
1747350209.504670528,333921,18815,-10,4,76
1747350209.504670528,333921,18816,-10,4,74
1747350209.504670528,333921,18817,-10,4,69
1747350209.504670528,333921,18818,-10,3,75
1747350209.504670528,333921,18819,-10,2,77
1747350209.504670528,333921,18820,-10,4,73
1747350209.504670528,333921,18821,-10,2,74
1747350209.504670528,333921,18822,-10,5,71
1747350209.504670528,333921,18823,-10,6,71
1747350209.504670528,333921,18824,-10,5,74
1747350209.504670528,333921,18825,-10,7,77
1747350209.504670528,333921,18826,-10,8,76
1747350209.504670528,333921,18827,-10,4,82
1747350209.504670528,333921,18828,-10,2,84
1747350209.504670528,333921,18829,-10,3,77
1747350209.504670528,333921,18830,-10,3,76
1747350209.504670528,333921,18831,-10,6,89
1747350209.504670528,333921,18832,-10,5,83
1747350209.504670528,333921,18833,-10,4,72
1747350209.504670528,333921,18834,-10,5,78
1747350209.504670528,333921,18835,-10,3,87
1747350209.504670528,333921,18836,-10,4,95
1747350209.504670528,333921,18837,-10,4,80
1747350209.504670528,333921,18838,-10,4,84
1747350209.504670528,333921,18839,-10,8,85
1747350209.504670528,333921,18840,-10,9,91
1747350209.504670528,333921,18841,-10,6,68
1747350209.504670528,333921,18842,-10,8,90
1747350209.504670528,333921,18843,-10,3,100
1747350209.504670528,333921,18844,-10,3,96
1747350209.504670528,333921,18845,-10,6,91
1747350209.504670528,333921,18846,-10,4,71
1747350209.504670528,333921,18847,-10,7,71
1747350209.504670528,333921,18848,-10,7,70
1747350209.504670528,333921,18849,-10,6,77
1747350209.504670528,333921,18850,-10,3,75
1747350209.504670528,333921,18851,-10,3,83
1747350209.504670528,333921,18852,-10,3,82
1747350209.504670528,333921,18853,-10,3,83
1747350209.504670528,333921,18854,-10,4,81
1747350209.504670528,333921,18855,-10,5,70
1747350209.504670528,333921,18856,-10,5,67
1747350209.504670528,333921,18857,-10,5,72
1747350209.504670528,333921,18858,-10,3,70
1747350209.504670528,333921,18859,-10,3,66
1747350209.504670528,333921,18860,-10,3,67
1747350209.504670528,333921,18861,-10,3,98
1747350209.504670528,333921,18862,-10,3,69
1747350209.504670528,333921,18863,-10,6,87
1747350209.504670528,333922,18864,-10,3,83
1747350209.504670528,333922,18865,-10,9,82
1747350209.504670528,333922,18866,-10,3,76
1747350209.504670528,333922,18867,-10,6,93
1747350209.504670528,333922,18868,-10,4,93
1747350209.504670528,333922,18869,-10,3,86
1747350209.504670528,333922,18870,-10,2,87
1747350209.504670528,333922,18871,-10,7,71
1747350209.504670528,333922,18872,-10,4,68
1747350209.504670528,333922,18873,-10,6,74
1747350209.504670528,333922,18874,-10,5,73
1747350209.504670528,333922,18875,-10,4,81
1747350209.504670528,333922,18876,-10,4,74
1747350209.504670528,333922,18877,-10,4,81
1747350209.504670528,333922,18878,-10,4,76
1747350209.504670528,333922,18879,-10,4,69
1747350209.504670528,333922,18880,-10,5,72
1747350209.504670528,333922,18881,-10,6,75
1747350209.504670528,333922,18882,-10,3,79
1747350209.504670528,333922,18883,-10,2,72
1747350209.504670528,333922,18884,-10,2,85
1747350209.504670528,333922,18885,-10,3,78
1747350209.504670528,333922,18886,-10,4,74
1747350209.504670528,333922,18887,-10,4,87
1747350209.504670528,333922,18888,-10,7,78
1747350209.504670528,333922,18889,-10,3,89
1747350209.504670528,333922,18890,-10,9,81
1747350209.504670528,333922,18891,-10,5,85
1747350209.504670528,333922,18892,-10,4,80
1747350209.504670528,333922,18893,-10,3,90
1747350209.504670528,333922,18894,-10,3,76
1747350209.504670528,333922,18895,-10,6,84
1747350209.504670528,333922,18896,-10,3,77
1747350209.504670528,333922,18897,-10,6,79
1747350209.504670528,333922,18898,-10,5,87
1747350209.504670528,333922,18899,-10,6,92
1747350209.504670528,333922,18900,-10,3,87
1747350209.504670528,333922,18901,-10,4,81
1747350209.504670528,333922,18902,-10,5,87
1747350209.504670528,333922,18903,-10,6,87
1747350209.504670528,333922,18904,-10,7,84
1747350209.504670528,333922,18905,-10,3,91
1747350209.504670528,333922,18906,-10,5,90
1747350209.504670528,333922,18907,-10,4,96
1747350209.504670528,333922,18908,-10,5,95
1747350209.504670528,333922,18909,-10,5,95
1747350209.504670528,333922,18910,-10,5,95
1747350209.504670528,333922,18911,-10,4,86
1747350209.504670528,333922,18912,-10,5,75
1747350209.504670528,333922,18913,-10,5,78
1747350209.504670528,333922,18914,-10,3,86
1747350209.504670528,333922,18915,-10,5,87
1747350209.504670528,333922,18916,-10,4,86
1747350209.504670528,333922,18917,-10,1,82
1747350209.504670528,333922,18918,-10,4,72
1747350209.504670528,333922,18919,-10,3,73
1747350209.504670528,333922,18920,-10,4,67
1747350209.504670528,333922,18921,-10,4,75
1747350209.504670528,333922,18922,-10,8,73
1747350209.504670528,333922,18923,-10,5,83
1747350209.504670528,333922,18924,-10,2,81
1747350209.504670528,333922,18925,-10,3,80
1747350209.504670528,333922,18926,-10,4,73
1747350209.504670528,333922,18927,-10,6,85
1747350209.504670528,333922,18928,-10,6,82
1747350209.504670528,333922,18929,-10,4,86
1747350209.504670528,333922,18930,-10,3,84
1747350209.504670528,333922,18931,-10,4,82
1747350209.504670528,333922,18932,-10,5,81
1747350209.504670528,333922,18933,-10,2,81
1747350209.504670528,333922,18934,-10,3,96
1747350209.504670528,333922,18935,-10,7,80
1747350209.504670528,333922,18936,-10,8,89
1747350209.504670528,333922,18937,-10,8,74
1747350209.504670528,333922,18938,-10,5,71
1747350209.504670528,333922,18939,-10,3,75
1747350209.504670528,333922,18940,-10,5,75
1747350209.504670528,333922,18941,-10,3,80
1747350209.504670528,333922,18942,-10,6,94
1747350209.504670528,333922,18943,-10,6,86
1747350209.504670528,333922,18944,-10,3,75
1747350209.504670528,333922,18945,-10,6,89
1747350209.504670528,333922,18946,-10,5,71
1747350209.504670528,333922,18947,-10,3,74
1747350209.504670528,333922,18948,-10,4,94
1747350209.504670528,333922,18949,-10,5,81
1747350209.504670528,333922,18950,-10,4,79
1747350209.504670528,333922,18951,-10,6,89
1747350209.504670528,333922,18952,-10,5,75
1747350209.504670528,333922,18953,-10,5,92
1747350209.504670528,333922,18954,-10,9,81
1747350209.504670528,333922,18955,-10,4,69
1747350209.504670528,333922,18956,-10,5,78
1747350209.504670528,333922,18957,-10,3,92
1747350209.504670528,333922,18958,-10,4,81
1747350209.504670528,333923,18959,-10,6,81
1747350209.504670528,333923,18960,-10,3,65
1747350209.504670528,333923,18961,-10,7,64
1747350209.504670528,333923,18962,-10,6,77
1747350209.504670528,333923,18963,-10,4,86
1747350209.504670528,333923,18964,-10,5,82
1747350209.504670528,333923,18965,-10,3,88
1747350209.504670528,333923,18966,-10,4,68
1747350209.504670528,333920,18761,19,0,1
1747350209.504670528,333920,18763,19,0,2
1747350209.504670528,333920,18765,19,0,1
1747350209.504670528,333920,18767,19,0,2
1747350209.504670528,333920,18769,19,0,2
1747350209.504670528,333920,18771,19,0,2
1747350209.504670528,333920,18773,19,0,2
1747350209.504670528,333920,18775,19,0,2
1747350209.504670528,333920,18777,19,0,1
1747350209.504670528,333920,18779,19,0,1
1747350209.504670528,333920,18781,19,0,1
1747350209.504670528,333920,18783,19,0,1
1747350209.504670528,333920,18785,19,1,0
1747350209.504670528,333920,18787,19,0,1
1747350209.504670528,333920,18789,19,0,1
1747350209.504670528,333920,18791,19,0,1
end sample
1747350211.676369473,333920,18759,-10,5,83
1747350211.676369473,333920,18760,-10,7,91
1747350211.676369473,333920,18762,-10,4,88
1747350211.676369473,333920,18764,-10,6,80
1747350211.676369473,333920,18766,-10,3,93
1747350211.676369473,333920,18768,-10,6,89
1747350211.676369473,333920,18770,-10,7,103
1747350211.676369473,333920,18772,-10,4,90
1747350211.676369473,333920,18774,-10,6,84
1747350211.676369473,333920,18776,-10,3,79
1747350211.676369473,333920,18778,-10,4,80
1747350211.676369473,333920,18780,-10,3,90
1747350211.676369473,333920,18782,-10,3,84
1747350211.676369473,333920,18784,-10,3,90
1747350211.676369473,333920,18786,-10,6,87
1747350211.676369473,333920,18788,-10,6,98
1747350211.676369473,333920,18790,-10,6,87
1747350211.676369473,333920,18792,-10,4,99
1747350211.676369473,333920,18793,-10,9,81
1747350211.676369473,333920,18794,-10,5,79
1747350211.676369473,333920,18795,-10,3,91
1747350211.676369473,333920,18796,-10,5,99
1747350211.676369473,333920,18797,-10,4,91
1747350211.676369473,333920,18798,-10,3,84
1747350211.676369473,333920,18799,-10,5,91
1747350211.676369473,333920,18800,-10,3,95
1747350211.676369473,333920,18801,-10,6,91
1747350211.676369473,333920,18802,-10,7,86
1747350211.676369473,333920,18803,-10,1,80
1747350211.676369473,333920,18804,-10,6,96
1747350211.676369473,333920,18805,-10,3,103
1747350211.676369473,333920,18806,-10,1,70
1747350211.676369473,333920,18807,-10,10,84
1747350211.676369473,333920,18808,-10,5,90
1747350211.676369473,333920,18809,-10,3,85
1747350211.676369473,333920,18810,-10,5,81
1747350211.676369473,333920,18811,-10,4,99
1747350211.676369473,333921,18812,-10,4,84
1747350211.676369473,333921,18813,-10,5,85
1747350211.676369473,333921,18814,-10,5,78
1747350211.676369473,333921,18815,-10,5,90
1747350211.676369473,333921,18816,-10,4,81
1747350211.676369473,333921,18817,-10,4,81
1747350211.676369473,333921,18818,-10,3,92
1747350211.676369473,333921,18819,-10,2,87
1747350211.676369473,333921,18820,-10,5,89
1747350211.676369473,333921,18821,-10,3,86
1747350211.676369473,333921,18822,-10,5,84
1747350211.676369473,333921,18823,-10,7,84
1747350211.676369473,333921,18824,-10,6,89
1747350211.676369473,333921,18825,-10,8,90
1747350211.676369473,333921,18826,-10,8,93
1747350211.676369473,333921,18827,-10,4,100
1747350211.676369473,333921,18828,-10,3,101
1747350211.676369473,333921,18829,-10,4,91
1747350211.676369473,333921,18830,-10,3,87
1747350211.676369473,333921,18831,-10,7,103
1747350211.676369473,333921,18832,-10,5,100
1747350211.676369473,333921,18833,-10,4,90
1747350211.676369473,333921,18834,-10,8,97
1747350211.676369473,333921,18835,-10,3,105
1747350211.676369473,333921,18836,-10,6,114
1747350211.676369473,333921,18837,-10,5,98
1747350211.676369473,333921,18838,-10,5,103
1747350211.676369473,333921,18839,-10,9,97
1747350211.676369473,333921,18840,-10,10,102
1747350211.676369473,333921,18841,-10,7,80
1747350211.676369473,333921,18842,-10,9,102
1747350211.676369473,333921,18843,-10,3,114
1747350211.676369473,333921,18844,-10,4,114
1747350211.676369473,333921,18845,-10,7,102
1747350211.676369473,333921,18846,-10,5,86
1747350211.676369473,333921,18847,-10,8,85
1747350211.676369473,333921,18848,-10,8,88
1747350211.676369473,333921,18849,-10,9,92
1747350211.676369473,333921,18850,-10,5,93
1747350211.676369473,333921,18851,-10,4,97
1747350211.676369473,333921,18852,-10,3,95
1747350211.676369473,333921,18853,-10,5,96
1747350211.676369473,333921,18854,-10,5,96
1747350211.676369473,333921,18855,-10,8,93
1747350211.676369473,333921,18856,-10,8,80
1747350211.676369473,333921,18857,-10,7,95
1747350211.676369473,333921,18858,-10,4,82
1747350211.676369473,333921,18859,-10,4,83
1747350211.676369473,333921,18860,-10,3,86
1747350211.676369473,333921,18861,-10,4,118
1747350211.676369473,333921,18862,-10,5,88
1747350211.676369473,333921,18863,-10,7,100
1747350211.676369473,333922,18864,-10,4,94
1747350211.676369473,333922,18865,-10,10,101
1747350211.676369473,333922,18866,-10,6,95
1747350211.676369473,333922,18867,-10,7,110
1747350211.676369473,333922,18868,-10,4,111
1747350211.676369473,333922,18869,-10,5,102
1747350211.676369473,333922,18870,-10,2,104
1747350211.676369473,333922,18871,-10,9,90
1747350211.676369473,333922,18872,-10,5,88
1747350211.676369473,333922,18873,-10,8,92
1747350211.676369473,333922,18874,-10,6,94
1747350211.676369473,333922,18875,-10,5,101
1747350211.676369473,333922,18876,-10,5,93
1747350211.676369473,333922,18877,-10,5,98
1747350211.676369473,333922,18878,-10,5,96
1747350211.676369473,333922,18879,-10,6,88
1747350211.676369473,333922,18880,-10,6,92
1747350211.676369473,333922,18881,-10,7,95
1747350211.676369473,333922,18882,-10,4,96
1747350211.676369473,333922,18883,-10,3,96
1747350211.676369473,333922,18884,-10,4,107
1747350211.676369473,333922,18885,-10,4,101
1747350211.676369473,333922,18886,-10,5,99
1747350211.676369473,333922,18887,-10,5,109
1747350211.676369473,333922,18888,-10,9,91
1747350211.676369473,333922,18889,-10,5,107
1747350211.676369473,333922,18890,-10,10,100
1747350211.676369473,333922,18891,-10,5,102
1747350211.676369473,333922,18892,-10,5,99
1747350211.676369473,333922,18893,-10,3,111
1747350211.676369473,333922,18894,-10,4,99
1747350211.676369473,333922,18895,-10,8,104
1747350211.676369473,333922,18896,-10,4,101
1747350211.676369473,333922,18897,-10,8,101
1747350211.676369473,333922,18898,-10,6,108
1747350211.676369473,333922,18899,-10,7,114
1747350211.676369473,333922,18900,-10,3,108
1747350211.676369473,333922,18901,-10,4,99
1747350211.676369473,333922,18902,-10,5,111
1747350211.676369473,333922,18903,-10,7,102
1747350211.676369473,333922,18904,-10,8,106
1747350211.676369473,333922,18905,-10,4,103
1747350211.676369473,333922,18906,-10,7,113
1747350211.676369473,333922,18907,-10,5,113
1747350211.676369473,333922,18908,-10,6,120
1747350211.676369473,333922,18909,-10,5,114
1747350211.676369473,333922,18910,-10,6,115
1747350211.676369473,333922,18911,-10,5,114
1747350211.676369473,333922,18912,-10,6,99
1747350211.676369473,333922,18913,-10,7,103
1747350211.676369473,333922,18914,-10,4,111
1747350211.676369473,333922,18915,-10,5,111
1747350211.676369473,333922,18916,-10,5,111
1747350211.676369473,333922,18917,-10,2,109
1747350211.676369473,333922,18918,-10,4,96
1747350211.676369473,333922,18919,-10,4,86
1747350211.676369473,333922,18920,-10,5,85
1747350211.676369473,333922,18921,-10,4,89
1747350211.676369473,333922,18922,-10,9,90
1747350211.676369473,333922,18923,-10,5,103
1747350211.676369473,333922,18924,-10,4,97
1747350211.676369473,333922,18925,-10,4,98
1747350211.676369473,333922,18926,-10,5,91
1747350211.676369473,333922,18927,-10,6,103
1747350211.676369473,333922,18928,-10,8,109
1747350211.676369473,333922,18929,-10,6,113
1747350211.676369473,333922,18930,-10,7,108
1747350211.676369473,333922,18931,-10,6,107
1747350211.676369473,333922,18932,-10,6,106
1747350211.676369473,333922,18933,-10,3,105
1747350211.676369473,333922,18934,-10,4,116
1747350211.676369473,333922,18935,-10,8,105
1747350211.676369473,333922,18936,-10,8,111
1747350211.676369473,333922,18937,-10,9,99
1747350211.676369473,333922,18938,-10,6,97
1747350211.676369473,333922,18939,-10,4,101
1747350211.676369473,333922,18940,-10,5,100
1747350211.676369473,333922,18941,-10,4,105
1747350211.676369473,333922,18942,-10,7,112
1747350211.676369473,333922,18943,-10,7,111
1747350211.676369473,333922,18944,-10,5,95
1747350211.676369473,333922,18945,-10,6,113
1747350211.676369473,333922,18946,-10,6,90
1747350211.676369473,333922,18947,-10,4,95
1747350211.676369473,333922,18948,-10,4,116
1747350211.676369473,333922,18949,-10,6,106
1747350211.676369473,333922,18950,-10,8,100
1747350211.676369473,333922,18951,-10,8,110
1747350211.676369473,333922,18952,-10,7,100
1747350211.676369473,333922,18953,-10,7,117
1747350211.676369473,333922,18954,-10,11,105
1747350211.676369473,333922,18955,-10,6,94
1747350211.676369473,333922,18956,-10,6,95
1747350211.676369473,333922,18957,-10,4,116
1747350211.676369473,333922,18958,-10,4,107
1747350211.676369473,333923,18959,-10,9,103
1747350211.676369473,333923,18960,-10,5,92
1747350211.676369473,333923,18961,-10,8,92
1747350211.676369473,333923,18962,-10,6,106
1747350211.676369473,333923,18963,-10,5,113
1747350211.676369473,333923,18964,-10,6,108
1747350211.676369473,333923,18965,-10,4,113
1747350211.676369473,333923,18966,-10,5,94
1747350211.676369473,333920,18761,19,0,1
1747350211.676369473,333920,18763,19,0,2
1747350211.676369473,333920,18765,19,0,1
1747350211.676369473,333920,18767,19,0,2
1747350211.676369473,333920,18769,19,0,2
1747350211.676369473,333920,18771,19,0,2
1747350211.676369473,333920,18773,19,0,2
1747350211.676369473,333920,18775,19,0,2
1747350211.676369473,333920,18777,19,0,1
1747350211.676369473,333920,18779,19,0,1
1747350211.676369473,333920,18781,19,0,1
1747350211.676369473,333920,18783,19,0,1
1747350211.676369473,333920,18785,19,1,0
1747350211.676369473,333920,18787,19,0,2
1747350211.676369473,333920,18789,19,0,1
1747350211.676369473,333920,18791,19,0,1
end sample
1747350215.992483328,333920,18759,-10,7,107
1747350215.992483328,333920,18760,-10,10,115
1747350215.992483328,333920,18762,-10,4,114
1747350215.992483328,333920,18764,-10,7,106
1747350215.992483328,333920,18766,-10,5,119
1747350215.992483328,333920,18768,-10,8,116
1747350215.992483328,333920,18772,-10,5,115
1747350215.992483328,333920,18774,-10,9,114
1747350215.992483328,333920,18776,-10,5,109
1747350215.992483328,333920,18778,-10,5,103
1747350215.992483328,333920,18780,-10,6,117
1747350215.992483328,333920,18782,-10,4,109
1747350215.992483328,333920,18784,-10,4,119
1747350215.992483328,333920,18786,-10,6,121
1747350215.992483328,333920,18788,-10,7,127
1747350215.992483328,333920,18790,-10,7,110
1747350215.992483328,333920,18792,-10,5,124
1747350215.992483328,333920,18793,-10,12,104
1747350215.992483328,333920,18794,-10,7,102
1747350215.992483328,333920,18795,-10,4,113
1747350215.992483328,333920,18796,-10,7,123
1747350215.992483328,333920,18797,-10,5,114
1747350215.992483328,333920,18798,-10,4,107
1747350215.992483328,333920,18799,-10,8,114
1747350215.992483328,333920,18800,-10,3,123
1747350215.992483328,333920,18801,-10,9,113
1747350215.992483328,333920,18802,-10,8,113
1747350215.992483328,333920,18803,-10,3,102
1747350215.992483328,333920,18804,-10,8,121
1747350215.992483328,333920,18805,-10,4,129
1747350215.992483328,333920,18806,-10,3,94
1747350215.992483328,333920,18807,-10,11,112
1747350215.992483328,333920,18808,-10,5,119
1747350215.992483328,333920,18809,-10,4,108
1747350215.992483328,333920,18810,-10,7,106
1747350215.992483328,333920,18811,-10,5,123
1747350215.992483328,333921,18812,-10,5,110
1747350215.992483328,333921,18813,-10,6,110
1747350215.992483328,333921,18814,-10,7,104
1747350215.992483328,333921,18815,-10,6,112
1747350215.992483328,333921,18816,-10,6,102
1747350215.992483328,333921,18817,-10,6,110
1747350215.992483328,333921,18818,-10,6,125
1747350215.992483328,333921,18819,-10,3,112
1747350215.992483328,333921,18820,-10,6,113
1747350215.992483328,333921,18821,-10,3,116
1747350215.992483328,333921,18822,-10,6,113
1747350215.992483328,333921,18823,-10,9,112
1747350215.992483328,333921,18824,-10,7,116
1747350215.992483328,333921,18825,-10,9,114
1747350215.992483328,333921,18826,-10,9,118
1747350215.992483328,333921,18827,-10,5,126
1747350215.992483328,333921,18828,-10,3,127
1747350215.992483328,333921,18829,-10,6,116
1747350215.992483328,333921,18830,-10,5,106
1747350215.992483328,333921,18831,-10,8,123
1747350215.992483328,333921,18832,-10,7,120
1747350215.992483328,333921,18833,-10,5,112
1747350215.992483328,333921,18834,-10,10,127
1747350215.992483328,333921,18835,-10,4,130
1747350215.992483328,333921,18837,-10,6,122
1747350215.992483328,333921,18838,-10,6,128
1747350215.992483328,333921,18839,-10,12,123
1747350215.992483328,333921,18840,-10,13,118
1747350215.992483328,333921,18841,-10,9,106
1747350215.992483328,333921,18842,-10,11,128
1747350215.992483328,333921,18843,-10,5,133
1747350215.992483328,333921,18845,-10,8,128
1747350215.992483328,333921,18846,-10,5,108
1747350215.992483328,333921,18847,-10,9,113
1747350215.992483328,333921,18848,-10,9,113
1747350215.992483328,333921,18849,-10,12,118
1747350215.992483328,333921,18850,-10,6,113
1747350215.992483328,333921,18851,-10,4,117
1747350215.992483328,333921,18852,-10,4,119
1747350215.992483328,333921,18853,-10,5,115
1747350215.992483328,333921,18854,-10,5,117
1747350215.992483328,333921,18855,-10,9,114
1747350215.992483328,333921,18856,-10,9,102
1747350215.992483328,333921,18857,-10,8,117
1747350215.992483328,333921,18858,-10,5,99
1747350215.992483328,333921,18859,-10,5,107
1747350215.992483328,333921,18860,-10,4,108
1747350215.992483328,333921,18862,-10,5,111
1747350215.992483328,333922,18871,-10,9,113
1747350215.992483328,333922,18872,-10,6,110
1747350215.992483328,333922,18873,-10,9,115
1747350215.992483328,333922,18874,-10,7,116
1747350215.992483328,333922,18875,-10,5,124
1747350215.992483328,333922,18876,-10,5,117
1747350215.992483328,333922,18877,-10,7,120
1747350215.992483328,333922,18878,-10,6,118
1747350215.992483328,333922,18879,-10,7,110
1747350215.992483328,333922,18880,-10,8,115
1747350215.992483328,333922,18881,-10,8,117
1747350215.992483328,333922,18882,-10,5,120
1747350215.992483328,333922,18883,-10,4,114
1747350215.992483328,333922,18884,-10,4,126
1747350215.992483328,333922,18885,-10,6,117
1747350215.992483328,333922,18886,-10,5,117
1747350215.992483328,333922,18887,-10,5,127
1747350215.992483328,333922,18888,-10,10,109
1747350215.992483328,333922,18889,-10,7,123
1747350215.992483328,333922,18890,-10,11,117
1747350215.992483328,333922,18891,-10,6,119
1747350215.992483328,333922,18892,-10,5,115
1747350215.992483328,333922,18893,-10,4,129
1747350215.992483328,333922,18894,-10,5,115
1747350215.992483328,333922,18895,-10,10,119
1747350215.992483328,333922,18896,-10,5,116
1747350215.992483328,333922,18897,-10,8,118
1747350215.992483328,333922,18898,-10,8,122
1747350215.992483328,333922,18900,-10,4,123
1747350215.992483328,333922,18901,-10,4,113
1747350215.992483328,333922,18902,-10,6,126
1747350215.992483328,333922,18903,-10,8,116
1747350215.992483328,333922,18904,-10,9,126
1747350215.992483328,333922,18905,-10,4,118
1747350215.992483328,333922,18906,-10,7,132
1747350215.992483328,333922,18907,-10,6,126
1747350215.992483328,333922,18908,-10,6,136
1747350215.992483328,333922,18909,-10,6,131
1747350215.992483328,333922,18910,-10,7,131
1747350215.992483328,333922,18911,-10,6,128
1747350215.992483328,333922,18912,-10,8,114
1747350215.992483328,333922,18913,-10,9,116
1747350215.992483328,333922,18914,-10,6,125
1747350215.992483328,333922,18915,-10,6,125
1747350215.992483328,333922,18916,-10,6,125
1747350215.992483328,333922,18917,-10,3,123
1747350215.992483328,333922,18918,-10,5,110
1747350215.992483328,333922,18919,-10,5,101
1747350215.992483328,333922,18920,-10,7,100
1747350215.992483328,333922,18921,-10,6,103
1747350215.992483328,333922,18922,-10,9,101
1747350215.992483328,333922,18926,-10,6,110
1747350215.992483328,333922,18927,-10,6,116
1747350215.992483328,333922,18928,-10,9,122
1747350215.992483328,333922,18929,-10,8,125
1747350215.992483328,333922,18930,-10,7,120
1747350215.992483328,333922,18931,-10,6,119
1747350215.992483328,333922,18932,-10,6,119
1747350215.992483328,333922,18933,-10,3,118
1747350215.992483328,333922,18934,-10,4,129
1747350215.992483328,333922,18935,-10,9,118
1747350215.992483328,333922,18936,-10,8,123
1747350215.992483328,333922,18937,-10,10,111
1747350215.992483328,333922,18938,-10,8,108
1747350215.992483328,333922,18939,-10,6,114
1747350215.992483328,333922,18940,-10,6,114
1747350215.992483328,333922,18941,-10,5,120
1747350215.992483328,333922,18943,-10,8,121
1747350215.992483328,333922,18944,-10,6,104
1747350215.992483328,333922,18945,-10,6,123
1747350215.992483328,333922,18946,-10,6,105
1747350215.992483328,333922,18947,-10,7,111
1747350215.992483328,333922,18950,-10,8,118
1747350215.992483328,333922,18951,-10,8,124
1747350215.992483328,333922,18952,-10,8,112
1747350215.992483328,333922,18953,-10,8,129
1747350215.992483328,333922,18954,-10,12,118
1747350215.992483328,333922,18955,-10,7,107
1747350215.992483328,333922,18956,-10,6,108
1747350215.992483328,333922,18957,-10,5,128
1747350215.992483328,333922,18958,-10,5,119
1747350215.992483328,333923,18959,-10,10,116
1747350215.992483328,333923,18960,-10,7,103
1747350215.992483328,333923,18961,-10,9,103
1747350215.992483328,333923,18962,-10,7,116
1747350215.992483328,333923,18964,-10,7,124
1747350215.992483328,333923,18966,-10,7,110
1747350215.992483328,333920,18761,19,0,1
1747350215.992483328,333920,18763,19,0,2
1747350215.992483328,333920,18765,19,0,1
1747350215.992483328,333920,18767,19,0,2
1747350215.992483328,333920,18769,19,0,2
1747350215.992483328,333920,18771,19,0,2
1747350215.992483328,333920,18773,19,0,2
1747350215.992483328,333920,18775,19,0,2
1747350215.992483328,333920,18777,19,0,1
1747350215.992483328,333920,18779,19,0,1
1747350215.992483328,333920,18781,19,0,1
1747350215.992483328,333920,18783,19,0,1
1747350215.992483328,333920,18785,19,1,0
1747350215.992483328,333920,18787,19,0,2
1747350215.992483328,333920,18789,19,0,1
1747350215.992483328,333920,18791,19,0,1
end sample
1747350217.397534445,333920,18759,-10,8,116
1747350217.397534445,333920,18760,-10,12,123
1747350217.397534445,333920,18762,-10,4,124
1747350217.397534445,333920,18764,-10,8,115
1747350217.397534445,333920,18766,-10,6,129
1747350217.397534445,333920,18768,-10,9,126
1747350217.397534445,333920,18772,-10,5,126
1747350217.397534445,333920,18774,-10,9,123
1747350217.397534445,333920,18776,-10,6,119
1747350217.397534445,333920,18778,-10,5,115
1747350217.397534445,333920,18780,-10,7,125
1747350217.397534445,333920,18782,-10,4,121
1747350217.397534445,333920,18784,-10,4,130
1747350217.397534445,333920,18790,-10,8,124
1747350217.397534445,333920,18792,-10,6,133
1747350217.397534445,333920,18793,-10,14,113
1747350217.397534445,333920,18794,-10,7,113
1747350217.397534445,333920,18795,-10,4,125
1747350217.397534445,333920,18797,-10,6,125
1747350217.397534445,333920,18798,-10,5,119
1747350217.397534445,333920,18799,-10,10,125
1747350217.397534445,333920,18800,-10,5,132
1747350217.397534445,333920,18801,-10,10,124
1747350217.397534445,333920,18802,-10,8,123
1747350217.397534445,333920,18803,-10,3,114
1747350217.397534445,333920,18804,-10,9,133
1747350217.397534445,333920,18805,-10,5,141
1747350217.397534445,333920,18806,-10,3,106
1747350217.397534445,333920,18807,-10,12,124
1747350217.397534445,333920,18808,-10,5,129
1747350217.397534445,333920,18809,-10,6,120
1747350217.397534445,333920,18810,-10,9,116
1747350217.397534445,333921,18812,-10,6,124
1747350217.397534445,333921,18813,-10,7,123
1747350217.397534445,333921,18814,-10,7,117
1747350217.397534445,333921,18815,-10,7,123
1747350217.397534445,333921,18816,-10,6,114
1747350217.397534445,333921,18817,-10,8,123
1747350217.397534445,333921,18818,-10,7,136
1747350217.397534445,333921,18819,-10,4,123
1747350217.397534445,333921,18820,-10,6,126
1747350217.397534445,333921,18821,-10,4,130
1747350217.397534445,333921,18822,-10,7,125
1747350217.397534445,333921,18823,-10,10,122
1747350217.397534445,333921,18824,-10,8,127
1747350217.397534445,333921,18825,-10,10,125
1747350217.397534445,333921,18826,-10,9,130
1747350217.397534445,333921,18827,-10,5,138
1747350217.397534445,333921,18828,-10,4,138
1747350217.397534445,333921,18829,-10,6,126
1747350217.397534445,333921,18830,-10,6,117
1747350217.397534445,333921,18831,-10,10,130
1747350217.397534445,333921,18832,-10,7,128
1747350217.397534445,333921,18833,-10,6,119
1747350217.397534445,333921,18834,-10,11,135
1747350217.397534445,333921,18837,-10,6,131
1747350217.397534445,333921,18839,-10,13,134
1747350217.397534445,333921,18840,-10,14,128
1747350217.397534445,333921,18841,-10,9,116
1747350217.397534445,333921,18842,-10,11,139
1747350217.397534445,333921,18846,-10,6,120
1747350217.397534445,333921,18847,-10,9,125
1747350217.397534445,333921,18848,-10,10,123
1747350217.397534445,333921,18849,-10,14,127
1747350217.397534445,333921,18850,-10,6,125
1747350217.397534445,333921,18851,-10,5,130
1747350217.397534445,333921,18852,-10,4,129
1747350217.397534445,333921,18853,-10,5,129
1747350217.397534445,333921,18854,-10,5,129
1747350217.397534445,333921,18855,-10,9,126
1747350217.397534445,333921,18856,-10,9,112
1747350217.397534445,333921,18857,-10,9,127
1747350217.397534445,333921,18858,-10,7,110
1747350217.397534445,333921,18859,-10,6,117
1747350217.397534445,333921,18860,-10,4,119
1747350217.397534445,333921,18862,-10,6,122
1747350217.397534445,333922,18871,-10,10,123
1747350217.397534445,333922,18872,-10,8,119
1747350217.397534445,333922,18873,-10,9,124
1747350217.397534445,333922,18874,-10,8,125
1747350217.397534445,333922,18875,-10,6,135
1747350217.397534445,333922,18876,-10,6,130
1747350217.397534445,333922,18877,-10,7,131
1747350217.397534445,333922,18878,-10,6,129
1747350217.397534445,333922,18879,-10,8,120
1747350217.397534445,333922,18880,-10,8,125
1747350217.397534445,333922,18881,-10,10,125
1747350217.397534445,333922,18882,-10,7,129
1747350217.397534445,333922,18883,-10,4,126
1747350217.397534445,333922,18884,-10,5,137
1747350217.397534445,333922,18885,-10,7,130
1747350217.397534445,333922,18886,-10,5,128
1747350217.397534445,333922,18887,-10,6,138
1747350217.397534445,333922,18888,-10,10,119
1747350217.397534445,333922,18889,-10,8,134
1747350217.397534445,333922,18890,-10,12,127
1747350217.397534445,333922,18891,-10,6,131
1747350217.397534445,333922,18892,-10,8,127
1747350217.397534445,333922,18894,-10,5,129
1747350217.397534445,333922,18895,-10,10,130
1747350217.397534445,333922,18896,-10,5,127
1747350217.397534445,333922,18897,-10,9,128
1747350217.397534445,333922,18898,-10,9,132
1747350217.397534445,333922,18900,-10,6,132
1747350217.397534445,333922,18901,-10,5,125
1747350217.397534445,333922,18902,-10,6,137
1747350217.397534445,333922,18911,-10,6,137
1747350217.397534445,333922,18912,-10,8,122
1747350217.397534445,333922,18913,-10,10,123
1747350217.397534445,333922,18914,-10,7,133
1747350217.397534445,333922,18917,-10,3,133
1747350217.397534445,333922,18918,-10,5,122
1747350217.397534445,333922,18927,-10,7,126
1747350217.397534445,333922,18928,-10,10,132
1747350217.397534445,333922,18929,-10,8,135
1747350217.397534445,333922,18930,-10,8,129
1747350217.397534445,333922,18931,-10,7,132
1747350217.397534445,333922,18932,-10,7,129
1747350217.397534445,333922,18933,-10,4,129
1747350217.397534445,333922,18935,-10,10,126
1747350217.397534445,333922,18936,-10,10,133
1747350217.397534445,333922,18937,-10,11,121
1747350217.397534445,333922,18938,-10,8,120
1747350217.397534445,333922,18939,-10,6,122
1747350217.397534445,333922,18940,-10,7,124
1747350217.397534445,333922,18941,-10,5,128
1747350217.397534445,333922,18943,-10,8,125
1747350217.397534445,333922,18944,-10,7,109
1747350217.397534445,333922,18945,-10,6,127
1747350217.397534445,333922,18946,-10,7,108
1747350217.397534445,333922,18947,-10,7,122
1747350217.397534445,333922,18951,-10,9,134
1747350217.397534445,333922,18952,-10,9,121
1747350217.397534445,333922,18953,-10,8,138
1747350217.397534445,333922,18954,-10,13,128
1747350217.397534445,333922,18955,-10,8,117
1747350217.397534445,333922,18956,-10,7,119
1747350217.397534445,333922,18957,-10,5,139
1747350217.397534445,333922,18958,-10,6,129
1747350217.397534445,333920,18761,19,0,1
1747350217.397534445,333920,18763,19,0,2
1747350217.397534445,333920,18765,19,0,2
1747350217.397534445,333920,18767,19,0,2
1747350217.397534445,333920,18769,19,0,2
1747350217.397534445,333920,18771,19,0,2
1747350217.397534445,333920,18773,19,0,2
1747350217.397534445,333920,18775,19,0,2
1747350217.397534445,333920,18777,19,0,1
1747350217.397534445,333920,18779,19,0,1
1747350217.397534445,333920,18781,19,0,1
1747350217.397534445,333920,18783,19,0,1
1747350217.397534445,333920,18785,19,1,0
1747350217.397534445,333920,18787,19,0,2
1747350217.397534445,333920,18789,19,0,1
1747350217.397534445,333920,18791,19,0,1
end sample
1747350217.879428452,333920,18759,-10,9,120
1747350217.879428452,333920,18760,-10,12,127
1747350217.879428452,333920,18762,-10,5,128
1747350217.879428452,333920,18764,-10,8,119
1747350217.879428452,333920,18766,-10,6,133
1747350217.879428452,333920,18768,-10,9,130
1747350217.879428452,333920,18774,-10,9,126
1747350217.879428452,333920,18776,-10,6,121
1747350217.879428452,333920,18778,-10,5,117
1747350217.879428452,333920,18780,-10,7,128
1747350217.879428452,333920,18782,-10,4,125
1747350217.879428452,333920,18784,-10,4,134
1747350217.879428452,333920,18790,-10,8,129
1747350217.879428452,333920,18792,-10,6,136
1747350217.879428452,333920,18793,-10,14,117
1747350217.879428452,333920,18794,-10,7,117
1747350217.879428452,333920,18795,-10,4,128
1747350217.879428452,333920,18797,-10,6,130
1747350217.879428452,333920,18798,-10,5,124
1747350217.879428452,333920,18799,-10,10,129
1747350217.879428452,333920,18800,-10,5,136
1747350217.879428452,333920,18801,-10,10,128
1747350217.879428452,333920,18802,-10,8,127
1747350217.879428452,333920,18803,-10,4,118
1747350217.879428452,333920,18804,-10,9,137
1747350217.879428452,333920,18805,-10,5,146
1747350217.879428452,333920,18806,-10,3,108
1747350217.879428452,333920,18807,-10,13,127
1747350217.879428452,333920,18808,-10,6,132
1747350217.879428452,333920,18809,-10,6,124
1747350217.879428452,333920,18810,-10,9,120
1747350217.879428452,333921,18812,-10,6,130
1747350217.879428452,333921,18814,-10,7,122
1747350217.879428452,333921,18815,-10,7,127
1747350217.879428452,333921,18816,-10,6,118
1747350217.879428452,333921,18817,-10,9,126
1747350217.879428452,333921,18818,-10,7,139
1747350217.879428452,333921,18819,-10,4,126
1747350217.879428452,333921,18822,-10,7,129
1747350217.879428452,333921,18823,-10,11,125
1747350217.879428452,333921,18824,-10,8,131
1747350217.879428452,333921,18825,-10,10,129
1747350217.879428452,333921,18826,-10,10,134
1747350217.879428452,333921,18827,-10,5,142
1747350217.879428452,333921,18828,-10,4,141
1747350217.879428452,333921,18829,-10,6,130
1747350217.879428452,333921,18830,-10,7,121
1747350217.879428452,333921,18831,-10,10,131
1747350217.879428452,333921,18832,-10,7,129
1747350217.879428452,333921,18833,-10,6,120
1747350217.879428452,333921,18834,-10,11,136
1747350217.879428452,333921,18837,-10,7,134
1747350217.879428452,333921,18839,-10,13,135
1747350217.879428452,333921,18840,-10,14,129
1747350217.879428452,333921,18841,-10,9,118
1747350217.879428452,333921,18842,-10,11,140
1747350217.879428452,333921,18846,-10,6,125
1747350217.879428452,333921,18847,-10,9,129
1747350217.879428452,333921,18848,-10,10,127
1747350217.879428452,333921,18849,-10,14,132
1747350217.879428452,333921,18850,-10,6,129
1747350217.879428452,333921,18852,-10,4,133
1747350217.879428452,333921,18854,-10,5,132
1747350217.879428452,333921,18855,-10,9,130
1747350217.879428452,333921,18856,-10,9,115
1747350217.879428452,333921,18857,-10,9,130
1747350217.879428452,333921,18858,-10,7,113
1747350217.879428452,333921,18859,-10,7,122
1747350217.879428452,333921,18860,-10,4,122
1747350217.879428452,333922,18871,-10,10,127
1747350217.879428452,333922,18872,-10,8,122
1747350217.879428452,333922,18873,-10,10,127
1747350217.879428452,333922,18874,-10,8,128
1747350217.879428452,333922,18875,-10,6,139
1747350217.879428452,333922,18876,-10,6,133
1747350217.879428452,333922,18877,-10,7,134
1747350217.879428452,333922,18878,-10,6,132
1747350217.879428452,333922,18879,-10,9,122
1747350217.879428452,333922,18880,-10,8,127
1747350217.879428452,333922,18881,-10,10,128
1747350217.879428452,333922,18882,-10,7,132
1747350217.879428452,333922,18883,-10,4,129
1747350217.879428452,333922,18884,-10,5,140
1747350217.879428452,333922,18885,-10,7,134
1747350217.879428452,333922,18886,-10,5,133
1747350217.879428452,333922,18887,-10,6,143
1747350217.879428452,333922,18888,-10,10,123
1747350217.879428452,333922,18889,-10,8,138
1747350217.879428452,333922,18890,-10,13,131
1747350217.879428452,333922,18891,-10,6,136
1747350217.879428452,333922,18895,-10,11,132
1747350217.879428452,333922,18896,-10,5,129
1747350217.879428452,333922,18897,-10,9,130
1747350217.879428452,333922,18898,-10,9,135
1747350217.879428452,333922,18900,-10,6,137
1747350217.879428452,333922,18901,-10,5,129
1747350217.879428452,333922,18911,-10,6,139
1747350217.879428452,333922,18912,-10,8,124
1747350217.879428452,333922,18913,-10,11,125
1747350217.879428452,333922,18914,-10,7,136
1747350217.879428452,333922,18917,-10,4,136
1747350217.879428452,333922,18918,-10,5,126
1747350217.879428452,333922,18927,-10,7,130
1747350217.879428452,333922,18928,-10,10,136
1747350217.879428452,333922,18929,-10,8,138
1747350217.879428452,333922,18930,-10,8,132
1747350217.879428452,333922,18931,-10,7,135
1747350217.879428452,333922,18932,-10,7,132
1747350217.879428452,333922,18933,-10,4,132
1747350217.879428452,333922,18935,-10,10,129
1747350217.879428452,333922,18936,-10,10,137
1747350217.879428452,333922,18937,-10,11,124
1747350217.879428452,333922,18938,-10,8,124
1747350217.879428452,333922,18939,-10,6,125
1747350217.879428452,333922,18940,-10,7,127
1747350217.879428452,333922,18941,-10,5,133
1747350217.879428452,333922,18951,-10,9,136
1747350217.879428452,333922,18952,-10,9,123
1747350217.879428452,333922,18953,-10,8,140
1747350217.879428452,333922,18954,-10,13,130
1747350217.879428452,333922,18955,-10,8,119
1747350217.879428452,333922,18956,-10,7,121
1747350217.879428452,333922,18957,-10,5,141
1747350217.879428452,333922,18958,-10,6,130
1747350217.879428452,333920,18761,19,0,2
1747350217.879428452,333920,18763,19,0,2
1747350217.879428452,333920,18765,19,0,2
1747350217.879428452,333920,18767,19,0,2
1747350217.879428452,333920,18769,19,0,2
1747350217.879428452,333920,18771,19,0,2
1747350217.879428452,333920,18773,19,0,2
1747350217.879428452,333920,18775,19,0,2
1747350217.879428452,333920,18777,19,0,1
1747350217.879428452,333920,18779,19,0,1
1747350217.879428452,333920,18781,19,0,1
1747350217.879428452,333920,18783,19,0,1
1747350217.879428452,333920,18785,19,1,0
1747350217.879428452,333920,18787,19,0,2
1747350217.879428452,333920,18789,19,0,1
1747350217.879428452,333920,18791,19,0,1
end sample
1747350218.103520748,333920,18759,-10,9,122
1747350218.103520748,333920,18760,-10,12,128
1747350218.103520748,333920,18762,-10,5,130
1747350218.103520748,333920,18764,-10,9,120
1747350218.103520748,333920,18766,-10,6,136
1747350218.103520748,333920,18768,-10,9,132
1747350218.103520748,333920,18774,-10,10,126
1747350218.103520748,333920,18776,-10,6,122
1747350218.103520748,333920,18778,-10,6,117
1747350218.103520748,333920,18780,-10,7,128
1747350218.103520748,333920,18782,-10,4,127
1747350218.103520748,333920,18790,-10,9,132
1747350218.103520748,333920,18792,-10,6,139
1747350218.103520748,333920,18793,-10,14,119
1747350218.103520748,333920,18794,-10,7,119
1747350218.103520748,333920,18795,-10,4,131
1747350218.103520748,333920,18797,-10,6,134
1747350218.103520748,333920,18798,-10,5,127
1747350218.103520748,333920,18799,-10,10,131
1747350218.103520748,333920,18800,-10,5,138
1747350218.103520748,333920,18801,-10,10,130
1747350218.103520748,333920,18802,-10,8,129
1747350218.103520748,333920,18803,-10,4,121
1747350218.103520748,333920,18804,-10,9,140
1747350218.103520748,333920,18806,-10,3,112
1747350218.103520748,333920,18807,-10,13,128
1747350218.103520748,333920,18808,-10,6,133
1747350218.103520748,333920,18809,-10,6,126
1747350218.103520748,333920,18810,-10,9,122
1747350218.103520748,333921,18814,-10,7,125
1747350218.103520748,333921,18815,-10,7,128
1747350218.103520748,333921,18816,-10,6,119
1747350218.103520748,333921,18817,-10,9,128
1747350218.103520748,333921,18818,-10,7,141
1747350218.103520748,333921,18819,-10,4,128
1747350218.103520748,333921,18823,-10,11,128
1747350218.103520748,333921,18824,-10,8,133
1747350218.103520748,333921,18825,-10,10,130
1747350218.103520748,333921,18826,-10,10,136
1747350218.103520748,333921,18829,-10,6,132
1747350218.103520748,333921,18830,-10,7,125
1747350218.103520748,333921,18839,-10,13,136
1747350218.103520748,333921,18840,-10,14,130
1747350218.103520748,333921,18841,-10,9,119
1747350218.103520748,333921,18842,-10,11,142
1747350218.103520748,333921,18846,-10,6,129
1747350218.103520748,333921,18847,-10,9,130
1747350218.103520748,333921,18848,-10,10,129
1747350218.103520748,333921,18849,-10,14,133
1747350218.103520748,333921,18850,-10,7,131
1747350218.103520748,333921,18852,-10,5,135
1747350218.103520748,333921,18854,-10,5,134
1747350218.103520748,333921,18855,-10,10,131
1747350218.103520748,333921,18856,-10,9,118
1747350218.103520748,333921,18857,-10,10,132
1747350218.103520748,333921,18858,-10,7,115
1747350218.103520748,333921,18859,-10,7,125
1747350218.103520748,333921,18860,-10,4,124
1747350218.103520748,333922,18871,-10,10,129
1747350218.103520748,333922,18872,-10,8,125
1747350218.103520748,333922,18873,-10,10,129
1747350218.103520748,333922,18874,-10,8,130
1747350218.103520748,333922,18876,-10,6,136
1747350218.103520748,333922,18877,-10,7,137
1747350218.103520748,333922,18878,-10,7,135
1747350218.103520748,333922,18879,-10,9,125
1747350218.103520748,333922,18880,-10,9,129
1747350218.103520748,333922,18881,-10,10,131
1747350218.103520748,333922,18882,-10,7,135
1747350218.103520748,333922,18883,-10,4,133
1747350218.103520748,333922,18884,-10,5,142
1747350218.103520748,333922,18895,-10,11,133
1747350218.103520748,333922,18896,-10,5,130
1747350218.103520748,333922,18897,-10,9,132
1747350218.103520748,333922,18898,-10,9,136
1747350218.103520748,333922,18901,-10,5,132
1747350218.103520748,333922,18911,-10,6,141
1747350218.103520748,333922,18912,-10,8,125
1747350218.103520748,333922,18913,-10,11,126
1747350218.103520748,333922,18914,-10,7,137
1747350218.103520748,333922,18917,-10,4,138
1747350218.103520748,333922,18918,-10,5,128
1747350218.103520748,333922,18927,-10,8,133
1747350218.103520748,333922,18928,-10,10,139
1747350218.103520748,333922,18929,-10,9,140
1747350218.103520748,333922,18930,-10,8,134
1747350218.103520748,333922,18932,-10,7,134
1747350218.103520748,333922,18935,-10,10,132
1747350218.103520748,333922,18936,-10,11,139
1747350218.103520748,333922,18937,-10,11,127
1747350218.103520748,333922,18938,-10,8,127
1747350218.103520748,333922,18939,-10,6,130
1747350218.103520748,333922,18940,-10,7,130
1747350218.103520748,333922,18951,-10,10,138
1747350218.103520748,333922,18952,-10,9,125
1747350218.103520748,333922,18953,-10,8,143
1747350218.103520748,333922,18954,-10,13,133
1747350218.103520748,333922,18955,-10,8,122
1747350218.103520748,333922,18956,-10,8,124
1747350218.103520748,333922,18957,-10,6,144
1747350218.103520748,333922,18958,-10,6,132
1747350218.103520748,333920,18761,19,0,2
1747350218.103520748,333920,18763,19,0,2
1747350218.103520748,333920,18765,19,0,2
1747350218.103520748,333920,18767,19,0,2
1747350218.103520748,333920,18769,19,0,3
1747350218.103520748,333920,18771,19,0,3
1747350218.103520748,333920,18773,19,0,3
1747350218.103520748,333920,18775,19,0,3
1747350218.103520748,333920,18777,19,0,1
1747350218.103520748,333920,18779,19,0,1
1747350218.103520748,333920,18781,19,0,1
1747350218.103520748,333920,18783,19,0,2
1747350218.103520748,333920,18785,19,1,0
1747350218.103520748,333920,18787,19,0,3
1747350218.103520748,333920,18789,19,0,2
1747350218.103520748,333920,18791,19,0,1
end sample
1747350218.247197356,333920,18759,-10,9,123
1747350218.247197356,333920,18760,-10,12,129
1747350218.247197356,333920,18762,-10,5,130
1747350218.247197356,333920,18764,-10,9,120
1747350218.247197356,333920,18766,-10,6,138
1747350218.247197356,333920,18768,-10,9,134
1747350218.247197356,333920,18774,-10,10,127
1747350218.247197356,333920,18776,-10,6,122
1747350218.247197356,333920,18778,-10,6,118
1747350218.247197356,333920,18780,-10,7,129
1747350218.247197356,333920,18782,-10,4,128
1747350218.247197356,333920,18790,-10,9,134
1747350218.247197356,333920,18792,-10,6,141
1747350218.247197356,333920,18793,-10,14,121
1747350218.247197356,333920,18794,-10,7,121
1747350218.247197356,333920,18795,-10,4,132
1747350218.247197356,333920,18798,-10,6,129
1747350218.247197356,333920,18799,-10,10,132
1747350218.247197356,333920,18800,-10,5,139
1747350218.247197356,333920,18801,-10,10,132
1747350218.247197356,333920,18802,-10,8,131
1747350218.247197356,333920,18803,-10,4,123
1747350218.247197356,333920,18804,-10,9,142
1747350218.247197356,333920,18806,-10,3,114
1747350218.247197356,333920,18807,-10,13,129
1747350218.247197356,333920,18808,-10,6,135
1747350218.247197356,333920,18809,-10,6,127
1747350218.247197356,333920,18810,-10,9,123
1747350218.247197356,333921,18814,-10,8,128
1747350218.247197356,333921,18815,-10,7,129
1747350218.247197356,333921,18816,-10,6,120
1747350218.247197356,333921,18817,-10,9,129
1747350218.247197356,333921,18818,-10,7,142
1747350218.247197356,333921,18819,-10,4,132
1747350218.247197356,333921,18823,-10,11,130
1747350218.247197356,333921,18824,-10,8,134
1747350218.247197356,333921,18825,-10,10,131
1747350218.247197356,333921,18826,-10,10,137
1747350218.247197356,333921,18829,-10,6,134
1747350218.247197356,333921,18830,-10,7,128
1747350218.247197356,333921,18839,-10,13,136
1747350218.247197356,333921,18840,-10,14,131
1747350218.247197356,333921,18841,-10,9,120
1747350218.247197356,333921,18842,-10,11,142
1747350218.247197356,333921,18846,-10,6,131
1747350218.247197356,333921,18847,-10,9,131
1747350218.247197356,333921,18848,-10,10,129
1747350218.247197356,333921,18849,-10,14,134
1747350218.247197356,333921,18850,-10,7,132
1747350218.247197356,333921,18852,-10,5,136
1747350218.247197356,333921,18854,-10,5,135
1747350218.247197356,333921,18855,-10,10,132
1747350218.247197356,333921,18856,-10,9,120
1747350218.247197356,333921,18857,-10,10,134
1747350218.247197356,333921,18858,-10,8,117
1747350218.247197356,333921,18860,-10,4,128
1747350218.247197356,333922,18871,-10,10,131
1747350218.247197356,333922,18872,-10,8,127
1747350218.247197356,333922,18873,-10,10,131
1747350218.247197356,333922,18874,-10,9,131
1747350218.247197356,333922,18876,-10,6,139
1747350218.247197356,333922,18877,-10,7,138
1747350218.247197356,333922,18879,-10,9,128
1747350218.247197356,333922,18880,-10,10,130
1747350218.247197356,333922,18881,-10,10,132
1747350218.247197356,333922,18882,-10,7,137
1747350218.247197356,333922,18883,-10,5,137
1747350218.247197356,333922,18884,-10,5,144
1747350218.247197356,333922,18895,-10,11,134
1747350218.247197356,333922,18896,-10,5,131
1747350218.247197356,333922,18897,-10,10,133
1747350218.247197356,333922,18898,-10,9,136
1747350218.247197356,333922,18901,-10,5,135
1747350218.247197356,333922,18911,-10,6,142
1747350218.247197356,333922,18912,-10,8,126
1747350218.247197356,333922,18913,-10,11,127
1747350218.247197356,333922,18914,-10,7,138
1747350218.247197356,333922,18917,-10,4,140
1747350218.247197356,333922,18918,-10,5,130
1747350218.247197356,333922,18927,-10,8,133
1747350218.247197356,333922,18928,-10,10,139
1747350218.247197356,333922,18929,-10,9,141
1747350218.247197356,333922,18930,-10,8,134
1747350218.247197356,333922,18932,-10,7,136
1747350218.247197356,333922,18935,-10,10,134
1747350218.247197356,333922,18936,-10,11,141
1747350218.247197356,333922,18937,-10,11,128
1747350218.247197356,333922,18938,-10,9,128
1747350218.247197356,333922,18940,-10,7,131
1747350218.247197356,333922,18951,-10,10,140
1747350218.247197356,333922,18952,-10,9,126
1747350218.247197356,333922,18953,-10,8,145
1747350218.247197356,333922,18954,-10,13,134
1747350218.247197356,333922,18955,-10,8,123
1747350218.247197356,333922,18956,-10,8,127
1747350218.247197356,333922,18957,-10,6,146
1747350218.247197356,333922,18958,-10,6,134
1747350218.247197356,333920,18761,19,0,2
1747350218.247197356,333920,18763,19,0,3
1747350218.247197356,333920,18765,19,0,2
1747350218.247197356,333920,18767,19,0,2
1747350218.247197356,333920,18769,19,0,3
1747350218.247197356,333920,18771,19,0,3
1747350218.247197356,333920,18773,19,0,3
1747350218.247197356,333920,18775,19,0,3
1747350218.247197356,333920,18777,19,0,2
1747350218.247197356,333920,18779,19,0,2
1747350218.247197356,333920,18781,19,0,2
1747350218.247197356,333920,18783,19,0,2
1747350218.247197356,333920,18785,19,1,0
1747350218.247197356,333920,18787,19,0,4
1747350218.247197356,333920,18789,19,0,2
1747350218.247197356,333920,18791,19,0,1
end sample
1747350218.409487038,333920,18774,-10,10,127
1747350218.409487038,333920,18776,-10,6,123
1747350218.409487038,333920,18778,-10,6,118
1747350218.409487038,333920,18780,-10,7,129
1747350218.409487038,333920,18782,-10,4,130
1747350218.409487038,333920,18790,-10,9,136
1747350218.409487038,333920,18792,-10,6,143
1747350218.409487038,333920,18793,-10,14,123
1747350218.409487038,333920,18794,-10,7,123
1747350218.409487038,333920,18795,-10,5,135
1747350218.409487038,333920,18798,-10,6,132
1747350218.409487038,333920,18799,-10,11,134
1747350218.409487038,333920,18800,-10,6,140
1747350218.409487038,333920,18801,-10,10,134
1747350218.409487038,333920,18802,-10,9,133
1747350218.409487038,333920,18803,-10,4,127
1747350218.409487038,333920,18806,-10,4,117
1747350218.409487038,333921,18823,-10,12,131
1747350218.409487038,333921,18824,-10,8,137
1747350218.409487038,333921,18825,-10,10,134
1747350218.409487038,333921,18826,-10,10,140
1747350218.409487038,333921,18829,-10,6,137
1747350218.409487038,333921,18830,-10,7,133
1747350218.409487038,333921,18839,-10,13,137
1747350218.409487038,333921,18840,-10,14,132
1747350218.409487038,333921,18841,-10,9,121
1747350218.409487038,333921,18842,-10,11,143
1747350218.409487038,333921,18846,-10,6,134
1747350218.409487038,333921,18847,-10,9,132
1747350218.409487038,333921,18848,-10,10,131
1747350218.409487038,333921,18849,-10,14,136
1747350218.409487038,333921,18850,-10,7,133
1747350218.409487038,333921,18852,-10,5,138
1747350218.409487038,333921,18854,-10,6,136
1747350218.409487038,333921,18855,-10,11,134
1747350218.409487038,333921,18856,-10,9,123
1747350218.409487038,333921,18857,-10,10,136
1747350218.409487038,333921,18858,-10,8,119
1747350218.409487038,333921,18860,-10,4,134
1747350218.409487038,333922,18895,-10,11,135
1747350218.409487038,333922,18896,-10,5,133
1747350218.409487038,333922,18897,-10,10,135
1747350218.409487038,333922,18898,-10,9,138
1747350218.409487038,333922,18901,-10,5,140
1747350218.409487038,333922,18911,-10,6,143
1747350218.409487038,333922,18912,-10,8,128
1747350218.409487038,333922,18913,-10,11,129
1747350218.409487038,333922,18914,-10,7,139
1747350218.409487038,333922,18917,-10,4,143
1747350218.409487038,333922,18918,-10,5,133
1747350218.409487038,333922,18927,-10,8,134
1747350218.409487038,333922,18928,-10,10,140
1747350218.409487038,333922,18929,-10,9,142
1747350218.409487038,333922,18930,-10,8,135
1747350218.409487038,333922,18932,-10,7,139
1747350218.409487038,333922,18935,-10,10,134
1747350218.409487038,333922,18936,-10,11,141
1747350218.409487038,333922,18937,-10,11,128
1747350218.409487038,333922,18938,-10,9,128
1747350218.409487038,333922,18940,-10,7,132
1747350218.409487038,333922,18951,-10,10,142
1747350218.409487038,333922,18952,-10,10,128
1747350218.409487038,333922,18953,-10,9,148
1747350218.409487038,333922,18954,-10,13,136
1747350218.409487038,333922,18955,-10,9,124
1747350218.409487038,333922,18956,-10,8,131
1747350218.409487038,333922,18957,-10,6,148
1747350218.409487038,333922,18958,-10,6,136
1747350218.409487038,333920,18761,19,0,3
1747350218.409487038,333920,18763,19,0,3
1747350218.409487038,333920,18765,19,0,3
1747350218.409487038,333920,18767,19,0,3
1747350218.409487038,333920,18769,19,0,4
1747350218.409487038,333920,18771,19,0,4
1747350218.409487038,333920,18773,19,0,4
1747350218.409487038,333920,18775,19,0,4
1747350218.409487038,333920,18777,19,0,2
1747350218.409487038,333920,18779,19,0,2
1747350218.409487038,333920,18781,19,0,2
1747350218.409487038,333920,18783,19,0,2
1747350218.409487038,333920,18785,19,1,0
1747350218.409487038,333920,18787,19,0,5
1747350218.409487038,333920,18789,19,0,2
1747350218.409487038,333920,18791,19,0,1
end sample
1747350218.554343599,333920,18774,-10,10,129
1747350218.554343599,333920,18776,-10,6,124
1747350218.554343599,333920,18778,-10,6,120
1747350218.554343599,333920,18780,-10,7,132
1747350218.554343599,333920,18782,-10,4,136
1747350218.554343599,333920,18799,-10,11,137
1747350218.554343599,333920,18800,-10,6,143
1747350218.554343599,333920,18801,-10,10,137
1747350218.554343599,333920,18802,-10,9,136
1747350218.554343599,333920,18803,-10,4,131
1747350218.554343599,333920,18806,-10,4,124
1747350218.554343599,333921,18839,-10,13,140
1747350218.554343599,333921,18840,-10,14,134
1747350218.554343599,333921,18841,-10,10,124
1747350218.554343599,333921,18842,-10,11,146
1747350218.554343599,333921,18846,-10,6,144
1747350218.554343599,333922,18911,-10,6,145
1747350218.554343599,333922,18912,-10,8,130
1747350218.554343599,333922,18913,-10,11,131
1747350218.554343599,333922,18914,-10,7,141
1747350218.554343599,333922,18918,-10,6,136
1747350218.554343599,333922,18927,-10,8,135
1747350218.554343599,333922,18928,-10,10,142
1747350218.554343599,333922,18929,-10,9,143
1747350218.554343599,333922,18930,-10,8,137
1747350218.554343599,333922,18932,-10,7,142
1747350218.554343599,333922,18937,-10,12,129
1747350218.554343599,333922,18951,-10,10,144
1747350218.554343599,333922,18952,-10,10,131
1747350218.554343599,333922,18953,-10,9,152
1747350218.554343599,333922,18954,-10,13,139
1747350218.554343599,333922,18955,-10,9,127
1747350218.554343599,333922,18956,-10,8,136
1747350218.554343599,333922,18957,-10,6,151
1747350218.554343599,333922,18958,-10,6,138
1747350218.554343599,333920,18761,19,0,3
1747350218.554343599,333920,18763,19,0,4
1747350218.554343599,333920,18765,19,0,4
1747350218.554343599,333920,18767,19,0,4
1747350218.554343599,333920,18769,19,0,5
1747350218.554343599,333920,18771,19,0,5
1747350218.554343599,333920,18773,19,0,5
1747350218.554343599,333920,18775,19,0,5
1747350218.554343599,333920,18777,19,0,2
1747350218.554343599,333920,18779,19,0,2
1747350218.554343599,333920,18781,19,0,2
1747350218.554343599,333920,18783,19,0,2
1747350218.554343599,333920,18785,19,1,0
1747350218.554343599,333920,18787,19,0,6
1747350218.554343599,333920,18789,19,0,2
1747350218.554343599,333920,18791,19,0,1
end sample
1747350218.692854530,333920,18799,-10,11,142
1747350218.692854530,333920,18800,-10,6,148
1747350218.692854530,333920,18801,-10,10,141
1747350218.692854530,333920,18802,-10,10,139
1747350218.692854530,333920,18806,-10,4,134
1747350218.692854530,333922,18911,-10,6,148
1747350218.692854530,333922,18912,-10,8,134
1747350218.692854530,333922,18913,-10,12,133
1747350218.692854530,333922,18914,-10,8,144
1747350218.692854530,333922,18918,-10,6,147
1747350218.692854530,333922,18951,-10,10,150
1747350218.692854530,333922,18952,-10,10,136
1747350218.692854530,333922,18953,-10,9,157
1747350218.692854530,333922,18954,-10,13,144
1747350218.692854530,333922,18955,-10,9,134
1747350218.692854530,333922,18958,-10,6,145
1747350218.692854530,333920,18761,19,0,5
1747350218.692854530,333920,18763,19,0,6
1747350218.692854530,333920,18765,19,0,5
1747350218.692854530,333920,18767,19,0,6
1747350218.692854530,333920,18769,19,0,7
1747350218.692854530,333920,18771,19,0,7
1747350218.692854530,333920,18773,19,0,7
1747350218.692854530,333920,18775,19,0,7
1747350218.692854530,333920,18777,19,0,4
1747350218.692854530,333920,18779,19,0,4
1747350218.692854530,333920,18781,19,0,4
1747350218.692854530,333920,18783,19,0,4
1747350218.692854530,333920,18785,19,1,3
1747350218.692854530,333920,18787,19,0,7
1747350218.692854530,333920,18789,19,0,4
1747350218.692854530,333920,18791,19,0,3
end sample
1747350218.800304715,333922,18951,-10,11,154
1747350218.800304715,333922,18952,-10,10,141
1747350218.800304715,333922,18953,-10,10,163
1747350218.800304715,333922,18954,-10,13,150
1747350218.800304715,333922,18955,-10,9,144
1747350218.800304715,333920,18761,19,0,9
1747350218.800304715,333920,18763,19,0,9
1747350218.800304715,333920,18765,19,0,9
1747350218.800304715,333920,18767,19,0,9
1747350218.800304715,333920,18769,19,1,11
1747350218.800304715,333920,18771,19,0,12
1747350218.800304715,333920,18773,19,0,11
1747350218.800304715,333920,18775,19,0,11
1747350218.800304715,333920,18777,19,0,8
1747350218.800304715,333920,18779,19,0,8
1747350218.800304715,333920,18781,19,0,8
1747350218.800304715,333920,18783,19,0,8
1747350218.800304715,333920,18785,19,1,8
1747350218.800304715,333920,18787,19,0,11
1747350218.800304715,333920,18789,19,0,9
1747350218.800304715,333920,18791,19,0,9
end sample
Time: 22.698
1747350218.905739069,333920,18761,19,1,13
1747350218.905739069,333920,18763,19,1,14
1747350218.905739069,333920,18765,19,1,14
1747350218.905739069,333920,18767,19,0,14
1747350218.905739069,333920,18769,19,1,17
1747350218.905739069,333920,18771,19,0,18
1747350218.905739069,333920,18773,19,0,17
1747350218.905739069,333920,18775,19,0,17
1747350218.905739069,333920,18777,19,0,13
1747350218.905739069,333920,18779,19,0,13
1747350218.905739069,333920,18781,19,0,13
1747350218.905739069,333920,18783,19,0,13
1747350218.905739069,333920,18785,19,1,14
1747350218.905739069,333920,18787,19,1,18
1747350218.905739069,333920,18789,19,0,15
1747350218.905739069,333920,18791,19,0,15
end sample
1747350219.010372362,333920,18761,19,1,20
1747350219.010372362,333920,18763,19,1,20
1747350219.010372362,333920,18765,19,1,19
1747350219.010372362,333920,18767,19,1,19
1747350219.010372362,333920,18769,19,2,23
1747350219.010372362,333920,18771,19,0,25
1747350219.010372362,333920,18773,19,0,24
1747350219.010372362,333920,18775,19,1,25
1747350219.010372362,333920,18777,19,1,19
1747350219.010372362,333920,18779,19,0,19
1747350219.010372362,333920,18781,19,1,18
1747350219.010372362,333920,18783,19,0,19
1747350219.010372362,333920,18785,19,1,22
1747350219.010372362,333920,18787,19,1,25
1747350219.010372362,333920,18789,19,0,22
1747350219.010372362,333920,18791,19,0,23
end sample
1747350219.115329311,333920,18761,19,1,25
1747350219.115329311,333920,18763,19,1,26
1747350219.115329311,333920,18765,19,1,25
1747350219.115329311,333920,18767,19,2,24
1747350219.115329311,333920,18769,19,2,30
1747350219.115329311,333920,18771,19,0,33
1747350219.115329311,333920,18773,19,0,32
1747350219.115329311,333920,18775,19,1,32
1747350219.115329311,333920,18777,19,1,24
1747350219.115329311,333920,18779,19,0,25
1747350219.115329311,333920,18781,19,1,24
1747350219.115329311,333920,18783,19,1,24
1747350219.115329311,333920,18785,19,1,29
1747350219.115329311,333920,18787,19,1,33
1747350219.115329311,333920,18789,19,1,29
1747350219.115329311,333920,18791,19,1,29
end sample
1747350219.220377552,333920,18761,19,1,32
1747350219.220377552,333920,18763,19,1,33
1747350219.220377552,333920,18765,19,1,32
1747350219.220377552,333920,18767,19,2,32
1747350219.220377552,333920,18769,19,2,39
1747350219.220377552,333920,18771,19,1,41
1747350219.220377552,333920,18773,19,0,41
1747350219.220377552,333920,18775,19,1,40
1747350219.220377552,333920,18777,19,1,30
1747350219.220377552,333920,18779,19,0,30
1747350219.220377552,333920,18781,19,1,29
1747350219.220377552,333920,18783,19,1,29
1747350219.220377552,333920,18785,19,1,36
1747350219.220377552,333920,18787,19,1,39
1747350219.220377552,333920,18789,19,1,35
1747350219.220377552,333920,18791,19,1,36
end sample
1747350219.325633342,333920,18761,19,1,38
1747350219.325633342,333920,18763,19,1,38
1747350219.325633342,333920,18765,19,1,38
1747350219.325633342,333920,18767,19,2,38
1747350219.325633342,333920,18769,19,2,47
1747350219.325633342,333920,18771,19,1,49
1747350219.325633342,333920,18773,19,0,48
1747350219.325633342,333920,18775,19,1,48
1747350219.325633342,333920,18777,19,1,36
1747350219.325633342,333920,18779,19,0,36
1747350219.325633342,333920,18781,19,2,35
1747350219.325633342,333920,18783,19,1,35
1747350219.325633342,333920,18785,19,1,43
1747350219.325633342,333920,18787,19,1,46
1747350219.325633342,333920,18789,19,1,42
1747350219.325633342,333920,18791,19,2,43
end sample
1747350219.431388338,333920,18761,19,1,44
1747350219.431388338,333920,18763,19,1,44
1747350219.431388338,333920,18765,19,2,44
1747350219.431388338,333920,18767,19,2,43
1747350219.431388338,333920,18769,19,2,54
1747350219.431388338,333920,18771,19,1,56
1747350219.431388338,333920,18773,19,0,56
1747350219.431388338,333920,18775,19,2,54
1747350219.431388338,333920,18777,19,1,41
1747350219.431388338,333920,18779,19,1,41
1747350219.431388338,333920,18781,19,3,40
1747350219.431388338,333920,18783,19,2,41
1747350219.431388338,333920,18785,19,1,51
1747350219.431388338,333920,18787,19,2,54
1747350219.431388338,333920,18789,19,2,50
1747350219.431388338,333920,18791,19,2,50
end sample
1747350219.536210093,333920,18761,19,2,50
1747350219.536210093,333920,18763,19,1,51
1747350219.536210093,333920,18765,19,2,50
1747350219.536210093,333920,18767,19,2,49
1747350219.536210093,333920,18769,19,3,61
1747350219.536210093,333920,18771,19,1,64
1747350219.536210093,333920,18773,19,1,63
1747350219.536210093,333920,18775,19,2,62
1747350219.536210093,333920,18777,19,2,46
1747350219.536210093,333920,18779,19,1,47
1747350219.536210093,333920,18781,19,3,45
1747350219.536210093,333920,18783,19,2,46
1747350219.536210093,333920,18785,19,2,58
1747350219.536210093,333920,18787,19,3,60
1747350219.536210093,333920,18789,19,2,57
1747350219.536210093,333920,18791,19,3,56
end sample
1747350219.641153778,333920,18761,19,2,56
1747350219.641153778,333920,18763,19,3,55
1747350219.641153778,333920,18765,19,2,54
1747350219.641153778,333920,18767,19,2,54
1747350219.641153778,333920,18769,19,4,67
1747350219.641153778,333920,18771,19,1,71
1747350219.641153778,333920,18773,19,1,69
1747350219.641153778,333920,18775,19,3,68
1747350219.641153778,333920,18777,19,3,51
1747350219.641153778,333920,18779,19,1,53
1747350219.641153778,333920,18781,19,3,51
1747350219.641153778,333920,18783,19,2,52
1747350219.641153778,333920,18785,19,2,65
1747350219.641153778,333920,18787,19,3,67
1747350219.641153778,333920,18789,19,2,64
1747350219.641153778,333920,18791,19,4,63
end sample
1747350219.746434464,333920,18761,19,2,61
1747350219.746434464,333920,18763,19,3,60
1747350219.746434464,333920,18765,19,3,60
1747350219.746434464,333920,18767,19,4,59
1747350219.746434464,333920,18769,19,4,74
1747350219.746434464,333920,18771,19,1,78
1747350219.746434464,333920,18773,19,2,75
1747350219.746434464,333920,18775,19,3,75
1747350219.746434464,333920,18777,19,3,57
1747350219.746434464,333920,18779,19,1,59
1747350219.746434464,333920,18781,19,3,57
1747350219.746434464,333920,18783,19,3,57
1747350219.746434464,333920,18785,19,2,72
1747350219.746434464,333920,18787,19,4,74
1747350219.746434464,333920,18789,19,2,72
1747350219.746434464,333920,18791,19,4,70
end sample
1747350219.851831639,333920,18761,19,2,67
1747350219.851831639,333920,18763,19,3,65
1747350219.851831639,333920,18765,19,3,66
1747350219.851831639,333920,18767,19,4,64
1747350219.851831639,333920,18769,19,4,81
1747350219.851831639,333920,18771,19,2,85
1747350219.851831639,333920,18773,19,3,82
1747350219.851831639,333920,18775,19,3,82
1747350219.851831639,333920,18777,19,4,63
1747350219.851831639,333920,18779,19,2,64
1747350219.851831639,333920,18781,19,4,63
1747350219.851831639,333920,18783,19,3,63
1747350219.851831639,333920,18785,19,3,79
1747350219.851831639,333920,18787,19,4,81
1747350219.851831639,333920,18789,19,3,78
1747350219.851831639,333920,18791,19,5,77
end sample
1747350219.957686362,333920,18761,19,2,73
1747350219.957686362,333920,18763,19,4,71
1747350219.957686362,333920,18765,19,4,71
1747350219.957686362,333920,18767,19,4,71
1747350219.957686362,333920,18769,19,4,89
1747350219.957686362,333920,18771,19,2,92
1747350219.957686362,333920,18773,19,3,89
1747350219.957686362,333920,18775,19,3,90
1747350219.957686362,333920,18777,19,5,67
1747350219.957686362,333920,18779,19,2,70
1747350219.957686362,333920,18781,19,5,68
1747350219.957686362,333920,18783,19,3,69
1747350219.957686362,333920,18785,19,3,86
1747350219.957686362,333920,18787,19,4,88
1747350219.957686362,333920,18789,19,4,85
1747350219.957686362,333920,18791,19,5,84
end sample
1747350220.063120336,333920,18761,19,3,78
1747350220.063120336,333920,18763,19,5,76
1747350220.063120336,333920,18765,19,4,75
1747350220.063120336,333920,18767,19,4,76
1747350220.063120336,333920,18769,19,4,95
1747350220.063120336,333920,18771,19,2,99
1747350220.063120336,333920,18773,19,3,95
1747350220.063120336,333920,18775,19,4,96
1747350220.063120336,333920,18777,19,5,73
1747350220.063120336,333920,18779,19,2,76
1747350220.063120336,333920,18781,19,5,74
1747350220.063120336,333920,18783,19,3,75
1747350220.063120336,333920,18785,19,4,92
1747350220.063120336,333920,18787,19,5,95
1747350220.063120336,333920,18789,19,4,92
1747350220.063120336,333920,18791,19,5,91
end sample
1747350220.168241934,333920,18761,19,4,82
1747350220.168241934,333920,18763,19,5,81
1747350220.168241934,333920,18765,19,5,80
1747350220.168241934,333920,18767,19,4,81
1747350220.168241934,333920,18769,19,5,102
1747350220.168241934,333920,18771,19,2,105
1747350220.168241934,333920,18773,19,3,102
1747350220.168241934,333920,18775,19,4,102
1747350220.168241934,333920,18777,19,5,80
1747350220.168241934,333920,18779,19,3,82
1747350220.168241934,333920,18781,19,5,80
1747350220.168241934,333920,18783,19,3,81
1747350220.168241934,333920,18785,19,4,101
1747350220.168241934,333920,18787,19,5,103
1747350220.168241934,333920,18789,19,4,101
1747350220.168241934,333920,18791,19,6,99
end sample
Time: 24.129
# Starvation test complete
