=== Scheduler Starvation Test ===
# Logical CPUs: 16
# CLK_TCK: 100

# Starting high-priority load (nice -10)

# Starting victim group (nice 19)
Running in process mode with 32 groups using 8 file descriptors each (== 256 tasks)
Each sender will pass 120000 messages of 512 bytes
Running in process mode with 2 groups using 8 file descriptors each (== 16 tasks)
Each sender will pass 120000 messages of 512 bytes
# High-priority PIDs: 256
# Victim PIDs: 16
# Total PIDs being logged: 272
timestamp,starttime,pid,nice,utime,stime
Start logging...
1747348380.853669789,319012,19179,-10,5,26
1747348380.853669789,319012,19180,-10,6,25
1747348380.853669789,319013,19181,-10,5,26
1747348380.853669789,319013,19182,-10,4,27
1747348380.853669789,319013,19184,-10,5,24
1747348380.853669789,319013,19186,-10,2,27
1747348380.853669789,319013,19188,-10,5,24
1747348380.853669789,319013,19189,-10,5,24
1747348380.853669789,319013,19192,-10,4,23
1747348380.853669789,319013,19194,-10,3,24
1747348380.853669789,319013,19196,-10,6,21
1747348380.853669789,319013,19198,-10,5,23
1747348380.853669789,319013,19200,-10,3,22
1747348380.853669789,319013,19202,-10,6,19
1747348380.853669789,319013,19203,-10,5,20
1747348380.853669789,319013,19205,-10,4,21
1747348380.853669789,319013,19207,-10,6,26
1747348380.853669789,319013,19210,-10,7,24
1747348380.853669789,319013,19212,-10,5,26
1747348380.853669789,319013,19214,-10,6,27
1747348380.853669789,319013,19215,-10,8,23
1747348380.853669789,319013,19216,-10,5,24
1747348380.853669789,319013,19217,-10,5,25
1747348380.853669789,319013,19218,-10,4,26
1747348380.853669789,319013,19219,-10,3,33
1747348380.853669789,319013,19220,-10,2,35
1747348380.853669789,319013,19221,-10,2,34
1747348380.853669789,319013,19222,-10,3,33
1747348380.853669789,319013,19223,-10,3,30
1747348380.853669789,319013,19224,-10,2,30
1747348380.853669789,319013,19225,-10,1,32
1747348380.853669789,319013,19226,-10,1,32
1747348380.853669789,319013,19227,-10,1,32
1747348380.853669789,319013,19228,-10,2,30
1747348380.853669789,319013,19229,-10,4,29
1747348380.853669789,319013,19230,-10,3,30
1747348380.853669789,319013,19231,-10,4,26
1747348380.853669789,319013,19232,-10,2,28
1747348380.853669789,319013,19233,-10,5,25
1747348380.853669789,319013,19234,-10,2,28
1747348380.853669789,319013,19235,-10,2,33
1747348380.853669789,319013,19236,-10,5,31
1747348380.853669789,319013,19237,-10,2,34
1747348380.853669789,319013,19238,-10,3,32
1747348380.853669789,319013,19239,-10,3,29
1747348380.853669789,319013,19240,-10,3,29
1747348380.853669789,319013,19241,-10,2,30
1747348380.853669789,319013,19242,-10,2,31
1747348380.853669789,319013,19243,-10,2,31
1747348380.853669789,319013,19244,-10,4,28
1747348380.853669789,319013,19245,-10,4,29
1747348380.853669789,319013,19246,-10,2,30
1747348380.853669789,319013,19247,-10,3,26
1747348380.853669789,319013,19248,-10,3,27
1747348380.853669789,319013,19249,-10,2,27
1747348380.853669789,319013,19250,-10,1,29
1747348380.853669789,319013,19251,-10,3,32
1747348380.853669789,319013,19252,-10,2,32
1747348380.853669789,319013,19253,-10,4,32
1747348380.853669789,319013,19254,-10,2,34
1747348380.853669789,319013,19255,-10,1,30
1747348380.853669789,319013,19256,-10,3,29
1747348380.853669789,319013,19257,-10,1,31
1747348380.853669789,319013,19258,-10,5,27
1747348380.853669789,319013,19267,-10,4,31
1747348380.853669789,319013,19268,-10,6,30
1747348380.853669789,319013,19269,-10,5,31
1747348380.853669789,319013,19270,-10,5,31
1747348380.853669789,319013,19271,-10,5,28
1747348380.853669789,319013,19272,-10,6,29
1747348380.853669789,319013,19273,-10,5,30
1747348380.853669789,319013,19274,-10,5,30
1747348380.853669789,319013,19275,-10,5,26
1747348380.853669789,319013,19276,-10,4,27
1747348380.853669789,319013,19277,-10,7,24
1747348380.853669789,319013,19278,-10,7,24
1747348380.853669789,319013,19279,-10,8,21
1747348380.853669789,319013,19280,-10,5,24
1747348380.853669789,319013,19281,-10,6,24
1747348380.853669789,319013,19282,-10,5,25
1747348380.853669789,319013,19283,-10,6,29
1747348380.853669789,319013,19284,-10,7,28
1747348380.853669789,319013,19285,-10,6,29
1747348380.853669789,319013,19286,-10,5,29
1747348380.853669789,319013,19287,-10,5,27
1747348380.853669789,319013,19288,-10,7,25
1747348380.853669789,319013,19289,-10,6,26
1747348380.853669789,319013,19290,-10,6,26
1747348380.853669789,319013,19291,-10,4,31
1747348380.853669789,319013,19292,-10,7,28
1747348380.853669789,319013,19293,-10,12,23
1747348380.853669789,319013,19294,-10,7,28
1747348380.853669789,319013,19295,-10,6,26
1747348380.853669789,319013,19296,-10,4,28
1747348380.853669789,319013,19297,-10,6,25
1747348380.853669789,319013,19298,-10,2,30
1747348380.853669789,319013,19299,-10,5,29
1747348380.853669789,319013,19300,-10,3,31
1747348380.853669789,319013,19301,-10,3,32
1747348380.853669789,319013,19302,-10,2,33
1747348380.853669789,319013,19303,-10,4,27
1747348380.853669789,319013,19304,-10,4,27
1747348380.853669789,319013,19305,-10,1,30
1747348380.853669789,319013,19306,-10,2,29
1747348380.853669789,319013,19307,-10,1,35
1747348380.853669789,319013,19308,-10,4,33
1747348380.853669789,319013,19309,-10,3,34
1747348380.853669789,319013,19310,-10,3,33
1747348380.853669789,319013,19311,-10,2,32
1747348380.853669789,319013,19312,-10,2,33
1747348380.853669789,319013,19313,-10,3,30
1747348380.853669789,319013,19314,-10,1,32
1747348380.853669789,319013,19315,-10,2,31
1747348380.853669789,319013,19316,-10,7,26
1747348380.853669789,319013,19317,-10,5,28
1747348380.853669789,319013,19318,-10,7,26
1747348380.853669789,319013,19319,-10,6,25
1747348380.853669789,319013,19320,-10,6,24
1747348380.853669789,319013,19321,-10,3,27
1747348380.853669789,319013,19322,-10,6,24
1747348380.853669789,319013,19323,-10,6,27
1747348380.853669789,319013,19324,-10,4,28
1747348380.853669789,319013,19325,-10,6,26
1747348380.853669789,319013,19326,-10,7,25
1747348380.853669789,319013,19327,-10,6,24
1747348380.853669789,319013,19328,-10,7,23
1747348380.853669789,319013,19329,-10,9,21
1747348380.853669789,319013,19330,-10,3,27
1747348380.853669789,319013,19331,-10,4,28
1747348380.853669789,319013,19332,-10,4,28
1747348380.853669789,319013,19333,-10,4,28
1747348380.853669789,319013,19334,-10,5,27
1747348380.853669789,319013,19335,-10,5,24
1747348380.853669789,319013,19336,-10,6,23
1747348380.853669789,319013,19337,-10,5,25
1747348380.853669789,319013,19338,-10,4,25
1747348380.853669789,319013,19339,-10,3,34
1747348380.853669789,319013,19340,-10,2,35
1747348380.853669789,319013,19341,-10,6,31
1747348380.853669789,319013,19342,-10,3,34
1747348380.853669789,319013,19343,-10,3,32
1747348380.853669789,319013,19344,-10,3,31
1747348380.853669789,319013,19345,-10,2,33
1747348380.853669789,319014,19346,-10,3,32
1747348380.853669789,319014,19347,-10,4,35
1747348380.853669789,319014,19348,-10,3,36
1747348380.853669789,319014,19349,-10,2,37
1747348380.853669789,319014,19350,-10,3,36
1747348380.853669789,319014,19351,-10,4,31
1747348380.853669789,319014,19352,-10,4,32
1747348380.853669789,319014,19353,-10,2,33
1747348380.853669789,319014,19354,-10,2,33
1747348380.853669789,319014,19355,-10,2,34
1747348380.853669789,319014,19356,-10,9,27
1747348380.853669789,319014,19357,-10,8,28
1747348380.853669789,319014,19358,-10,6,31
1747348380.853669789,319014,19359,-10,7,26
1747348380.853669789,319014,19360,-10,7,26
1747348380.853669789,319014,19361,-10,6,27
1747348380.853669789,319014,19362,-10,7,26
1747348380.853669789,319014,19363,-10,5,30
1747348380.853669789,319014,19364,-10,7,28
1747348380.853669789,319014,19365,-10,3,32
1747348380.853669789,319014,19366,-10,5,30
1747348380.853669789,319014,19367,-10,5,28
1747348380.853669789,319014,19368,-10,6,28
1747348380.853669789,319014,19369,-10,4,29
1747348380.853669789,319014,19370,-10,6,27
1747348380.853669789,319014,19371,-10,2,35
1747348380.853669789,319014,19372,-10,2,35
1747348380.853669789,319014,19373,-10,3,34
1747348380.853669789,319014,19374,-10,3,34
1747348380.853669789,319014,19375,-10,3,31
1747348380.853669789,319014,19376,-10,2,33
1747348380.853669789,319014,19377,-10,3,31
1747348380.853669789,319014,19378,-10,2,31
1747348380.853669789,319014,19379,-10,3,41
1747348380.853669789,319014,19380,-10,5,39
1747348380.853669789,319014,19381,-10,3,41
1747348380.853669789,319014,19382,-10,5,39
1747348380.853669789,319014,19383,-10,6,36
1747348380.853669789,319014,19384,-10,5,36
1747348380.853669789,319014,19385,-10,4,38
1747348380.853669789,319014,19386,-10,3,39
1747348380.853669789,319014,19387,-10,2,35
1747348380.853669789,319014,19388,-10,4,34
1747348380.853669789,319014,19389,-10,3,34
1747348380.853669789,319014,19390,-10,3,34
1747348380.853669789,319014,19391,-10,3,31
1747348380.853669789,319014,19392,-10,5,29
1747348380.853669789,319014,19393,-10,3,32
1747348380.853669789,319014,19394,-10,5,28
1747348380.853669789,319014,19395,-10,3,35
1747348380.853669789,319014,19396,-10,4,35
1747348380.853669789,319014,19397,-10,3,35
1747348380.853669789,319014,19398,-10,4,34
1747348380.853669789,319014,19399,-10,4,31
1747348380.853669789,319014,19400,-10,6,29
1747348380.853669789,319014,19401,-10,2,32
1747348380.853669789,319014,19402,-10,4,31
1747348380.853669789,319014,19403,-10,4,28
1747348380.853669789,319014,19404,-10,5,27
1747348380.853669789,319014,19405,-10,4,28
1747348380.853669789,319014,19406,-10,2,29
1747348380.853669789,319014,19407,-10,5,25
1747348380.853669789,319014,19408,-10,7,23
1747348380.853669789,319014,19409,-10,4,26
1747348380.853669789,319014,19410,-10,7,27
1747348380.853669789,319014,19411,-10,3,46
1747348380.853669789,319014,19412,-10,4,46
1747348380.853669789,319014,19413,-10,5,43
1747348380.853669789,319014,19414,-10,1,47
1747348380.853669789,319014,19415,-10,4,41
1747348380.853669789,319014,19416,-10,5,40
1747348380.853669789,319014,19417,-10,5,41
1747348380.853669789,319014,19418,-10,5,40
1747348380.853669789,319014,19419,-10,4,32
1747348380.853669789,319014,19420,-10,8,29
1747348380.853669789,319014,19421,-10,6,30
1747348380.853669789,319014,19422,-10,4,33
1747348380.853669789,319014,19423,-10,8,27
1747348380.853669789,319014,19424,-10,6,28
1747348380.853669789,319014,19425,-10,6,29
1747348380.853669789,319014,19426,-10,6,28
1747348380.853669789,319014,19427,-10,3,39
1747348380.853669789,319014,19428,-10,5,37
1747348380.853669789,319014,19429,-10,3,39
1747348380.853669789,319014,19430,-10,5,37
1747348380.853669789,319014,19431,-10,3,36
1747348380.853669789,319014,19432,-10,4,34
1747348380.853669789,319014,19433,-10,4,35
1747348380.853669789,319014,19434,-10,4,34
1747348380.853669789,319014,19435,-10,5,41
1747348380.853669789,319014,19436,-10,5,40
1747348380.853669789,319014,19437,-10,9,37
1747348380.853669789,319014,19438,-10,10,35
1747348380.853669789,319014,19439,-10,7,37
1747348380.853669789,319014,19440,-10,8,36
1747348380.853669789,319014,19441,-10,5,38
1747348380.853669789,319014,19442,-10,4,38
1747348380.853669789,319014,19443,-10,10,33
1747348380.853669789,319014,19444,-10,8,35
1747348380.853669789,319014,19445,-10,7,36
1747348380.853669789,319014,19446,-10,6,38
1747348380.853669789,319014,19447,-10,10,31
1747348380.853669789,319014,19448,-10,4,37
1747348380.853669789,319014,19449,-10,4,36
1747348380.853669789,319014,19450,-10,6,34
1747348380.853669789,319013,19183,19,0,0
1747348380.853669789,319013,19185,19,0,1
1747348380.853669789,319013,19187,19,0,1
1747348380.853669789,319013,19190,19,0,1
1747348380.853669789,319013,19191,19,0,1
1747348380.853669789,319013,19193,19,0,1
1747348380.853669789,319013,19195,19,0,1
1747348380.853669789,319013,19197,19,0,1
1747348380.853669789,319013,19199,19,0,1
1747348380.853669789,319013,19201,19,0,0
1747348380.853669789,319013,19204,19,0,1
1747348380.853669789,319013,19206,19,0,1
1747348380.853669789,319013,19208,19,0,1
1747348380.853669789,319013,19209,19,0,1
1747348380.853669789,319013,19211,19,0,0
1747348380.853669789,319013,19213,19,0,1
end sample
1747348384.473776503,319012,19179,-10,10,46
1747348384.473776503,319012,19180,-10,12,45
1747348384.473776503,319013,19181,-10,9,48
1747348384.473776503,319013,19182,-10,7,50
1747348384.473776503,319013,19184,-10,9,45
1747348384.473776503,319013,19186,-10,7,47
1747348384.473776503,319013,19188,-10,10,44
1747348384.473776503,319013,19189,-10,12,42
1747348384.473776503,319013,19192,-10,10,42
1747348384.473776503,319013,19194,-10,6,46
1747348384.473776503,319013,19196,-10,11,42
1747348384.473776503,319013,19198,-10,11,42
1747348384.473776503,319013,19200,-10,9,41
1747348384.473776503,319013,19202,-10,12,37
1747348384.473776503,319013,19203,-10,7,42
1747348384.473776503,319013,19205,-10,10,40
1747348384.473776503,319013,19207,-10,12,46
1747348384.473776503,319013,19210,-10,11,46
1747348384.473776503,319013,19212,-10,9,48
1747348384.473776503,319013,19214,-10,10,48
1747348384.473776503,319013,19215,-10,13,41
1747348384.473776503,319013,19216,-10,9,45
1747348384.473776503,319013,19217,-10,11,43
1747348384.473776503,319013,19218,-10,9,45
1747348384.473776503,319013,19227,-10,3,56
1747348384.473776503,319013,19228,-10,4,54
1747348384.473776503,319013,19229,-10,6,52
1747348384.473776503,319013,19230,-10,5,53
1747348384.473776503,319013,19231,-10,7,47
1747348384.473776503,319013,19232,-10,4,50
1747348384.473776503,319013,19233,-10,9,44
1747348384.473776503,319013,19234,-10,3,50
1747348384.473776503,319013,19235,-10,4,55
1747348384.473776503,319013,19236,-10,6,54
1747348384.473776503,319013,19237,-10,5,55
1747348384.473776503,319013,19238,-10,3,56
1747348384.473776503,319013,19239,-10,5,50
1747348384.473776503,319013,19240,-10,5,50
1747348384.473776503,319013,19241,-10,6,49
1747348384.473776503,319013,19242,-10,3,52
1747348384.473776503,319013,19243,-10,6,51
1747348384.473776503,319013,19244,-10,7,50
1747348384.473776503,319013,19245,-10,6,50
1747348384.473776503,319013,19246,-10,5,51
1747348384.473776503,319013,19247,-10,8,45
1747348384.473776503,319013,19248,-10,7,45
1747348384.473776503,319013,19249,-10,7,44
1747348384.473776503,319013,19250,-10,6,47
1747348384.473776503,319013,19251,-10,4,56
1747348384.473776503,319013,19252,-10,5,55
1747348384.473776503,319013,19253,-10,7,53
1747348384.473776503,319013,19254,-10,4,56
1747348384.473776503,319013,19255,-10,4,51
1747348384.473776503,319013,19267,-10,8,55
1747348384.473776503,319013,19268,-10,13,51
1747348384.473776503,319013,19269,-10,9,55
1747348384.473776503,319013,19270,-10,11,53
1747348384.473776503,319013,19271,-10,9,51
1747348384.473776503,319013,19272,-10,10,50
1747348384.473776503,319013,19273,-10,9,51
1747348384.473776503,319013,19274,-10,9,51
1747348384.473776503,319013,19275,-10,9,48
1747348384.473776503,319013,19276,-10,9,48
1747348384.473776503,319013,19277,-10,11,46
1747348384.473776503,319013,19278,-10,10,47
1747348384.473776503,319013,19279,-10,11,42
1747348384.473776503,319013,19280,-10,10,45
1747348384.473776503,319013,19281,-10,9,45
1747348384.473776503,319013,19282,-10,10,45
1747348384.473776503,319013,19283,-10,9,52
1747348384.473776503,319013,19284,-10,10,52
1747348384.473776503,319013,19285,-10,10,51
1747348384.473776503,319013,19286,-10,11,50
1747348384.473776503,319013,19287,-10,11,46
1747348384.473776503,319013,19288,-10,11,47
1747348384.473776503,319013,19289,-10,13,45
1747348384.473776503,319013,19290,-10,12,46
1747348384.473776503,319013,19291,-10,8,54
1747348384.473776503,319013,19292,-10,12,50
1747348384.473776503,319013,19293,-10,20,41
1747348384.473776503,319013,19294,-10,13,49
1747348384.473776503,319013,19295,-10,12,47
1747348384.473776503,319013,19296,-10,8,50
1747348384.473776503,319013,19297,-10,10,47
1747348384.473776503,319013,19298,-10,8,50
1747348384.473776503,319013,19315,-10,7,53
1747348384.473776503,319013,19316,-10,12,47
1747348384.473776503,319013,19317,-10,10,49
1747348384.473776503,319013,19318,-10,11,48
1747348384.473776503,319013,19319,-10,8,49
1747348384.473776503,319013,19320,-10,10,46
1747348384.473776503,319013,19321,-10,8,47
1747348384.473776503,319013,19322,-10,10,46
1747348384.473776503,319013,19323,-10,9,49
1747348384.473776503,319013,19324,-10,8,50
1747348384.473776503,319013,19325,-10,11,47
1747348384.473776503,319013,19326,-10,12,46
1747348384.473776503,319013,19327,-10,10,44
1747348384.473776503,319013,19328,-10,11,43
1747348384.473776503,319013,19329,-10,14,41
1747348384.473776503,319013,19330,-10,7,48
1747348384.473776503,319013,19331,-10,8,51
1747348384.473776503,319013,19332,-10,10,48
1747348384.473776503,319013,19333,-10,9,49
1747348384.473776503,319013,19334,-10,8,50
1747348384.473776503,319013,19335,-10,11,44
1747348384.473776503,319013,19336,-10,9,46
1747348384.473776503,319013,19337,-10,10,45
1747348384.473776503,319013,19338,-10,8,46
1747348384.473776503,319013,19339,-10,5,59
1747348384.473776503,319013,19340,-10,5,59
1747348384.473776503,319013,19341,-10,8,56
1747348384.473776503,319013,19342,-10,6,58
1747348384.473776503,319013,19343,-10,6,54
1747348384.473776503,319013,19344,-10,4,56
1747348384.473776503,319013,19345,-10,4,57
1747348384.473776503,319014,19346,-10,3,57
1747348384.473776503,319014,19355,-10,8,54
1747348384.473776503,319014,19356,-10,13,48
1747348384.473776503,319014,19357,-10,13,48
1747348384.473776503,319014,19358,-10,12,49
1747348384.473776503,319014,19359,-10,11,46
1747348384.473776503,319014,19360,-10,11,46
1747348384.473776503,319014,19361,-10,12,44
1747348384.473776503,319014,19362,-10,12,45
1747348384.473776503,319014,19363,-10,9,51
1747348384.473776503,319014,19364,-10,14,45
1747348384.473776503,319014,19365,-10,8,51
1747348384.473776503,319014,19366,-10,9,50
1747348384.473776503,319014,19367,-10,8,48
1747348384.473776503,319014,19368,-10,9,47
1747348384.473776503,319014,19369,-10,6,50
1747348384.473776503,319014,19370,-10,11,45
1747348384.473776503,319014,19387,-10,4,60
1747348384.473776503,319014,19388,-10,5,59
1747348384.473776503,319014,19389,-10,6,57
1747348384.473776503,319014,19390,-10,4,60
1747348384.473776503,319014,19391,-10,7,52
1747348384.473776503,319014,19392,-10,10,50
1747348384.473776503,319014,19393,-10,4,55
1747348384.473776503,319014,19394,-10,9,51
1747348384.473776503,319014,19395,-10,6,58
1747348384.473776503,319014,19396,-10,6,57
1747348384.473776503,319014,19397,-10,5,59
1747348384.473776503,319014,19398,-10,7,57
1747348384.473776503,319014,19399,-10,6,54
1747348384.473776503,319014,19400,-10,8,51
1747348384.473776503,319014,19401,-10,5,55
1747348384.473776503,319014,19402,-10,6,53
1747348384.473776503,319014,19403,-10,8,49
1747348384.473776503,319014,19404,-10,10,50
1747348384.473776503,319014,19405,-10,7,52
1747348384.473776503,319014,19406,-10,8,51
1747348384.473776503,319014,19407,-10,9,49
1747348384.473776503,319014,19408,-10,11,45
1747348384.473776503,319014,19409,-10,7,49
1747348384.473776503,319014,19410,-10,12,44
1747348384.473776503,319014,19419,-10,7,50
1747348384.473776503,319014,19420,-10,13,45
1747348384.473776503,319014,19421,-10,10,48
1747348384.473776503,319014,19422,-10,7,51
1747348384.473776503,319014,19423,-10,10,45
1747348384.473776503,319014,19424,-10,9,45
1747348384.473776503,319014,19425,-10,10,45
1747348384.473776503,319014,19426,-10,10,45
1747348384.473776503,319014,19427,-10,6,61
1747348384.473776503,319014,19428,-10,6,60
1747348384.473776503,319014,19429,-10,5,61
1747348384.473776503,319014,19430,-10,7,59
1747348384.473776503,319014,19432,-10,6,57
1747348384.473776503,319014,19435,-10,9,65
1747348384.473776503,319014,19436,-10,7,68
1747348384.473776503,319014,19437,-10,12,63
1747348384.473776503,319014,19438,-10,13,61
1747348384.473776503,319014,19439,-10,11,61
1747348384.473776503,319014,19440,-10,9,62
1747348384.473776503,319014,19441,-10,8,64
1747348384.473776503,319014,19442,-10,7,64
1747348384.473776503,319014,19443,-10,14,50
1747348384.473776503,319014,19444,-10,14,51
1747348384.473776503,319014,19445,-10,12,53
1747348384.473776503,319014,19446,-10,11,55
1747348384.473776503,319014,19447,-10,12,50
1747348384.473776503,319014,19448,-10,8,54
1747348384.473776503,319014,19449,-10,7,55
1747348384.473776503,319014,19450,-10,9,52
1747348384.473776503,319013,19183,19,0,0
1747348384.473776503,319013,19185,19,0,1
1747348384.473776503,319013,19187,19,0,1
1747348384.473776503,319013,19190,19,0,1
1747348384.473776503,319013,19191,19,0,1
1747348384.473776503,319013,19193,19,0,1
1747348384.473776503,319013,19195,19,0,1
1747348384.473776503,319013,19197,19,0,1
1747348384.473776503,319013,19199,19,0,1
1747348384.473776503,319013,19201,19,0,1
1747348384.473776503,319013,19204,19,0,1
1747348384.473776503,319013,19206,19,0,1
1747348384.473776503,319013,19208,19,0,1
1747348384.473776503,319013,19209,19,0,1
1747348384.473776503,319013,19211,19,0,1
1747348384.473776503,319013,19213,19,0,2
end sample
1747348386.238677532,319012,19179,-10,11,55
1747348386.238677532,319012,19180,-10,13,53
1747348386.238677532,319013,19181,-10,13,53
1747348386.238677532,319013,19182,-10,8,58
1747348386.238677532,319013,19184,-10,11,52
1747348386.238677532,319013,19186,-10,8,56
1747348386.238677532,319013,19188,-10,11,53
1747348386.238677532,319013,19189,-10,13,50
1747348386.238677532,319013,19192,-10,11,50
1747348386.238677532,319013,19194,-10,6,55
1747348386.238677532,319013,19196,-10,12,50
1747348386.238677532,319013,19198,-10,12,49
1747348386.238677532,319013,19200,-10,10,48
1747348386.238677532,319013,19202,-10,13,45
1747348386.238677532,319013,19203,-10,8,50
1747348386.238677532,319013,19205,-10,11,47
1747348386.238677532,319013,19207,-10,13,55
1747348386.238677532,319013,19210,-10,14,53
1747348386.238677532,319013,19212,-10,11,56
1747348386.238677532,319013,19214,-10,11,57
1747348386.238677532,319013,19215,-10,14,49
1747348386.238677532,319013,19216,-10,10,53
1747348386.238677532,319013,19217,-10,12,50
1747348386.238677532,319013,19218,-10,9,53
1747348386.238677532,319013,19243,-10,7,61
1747348386.238677532,319013,19244,-10,8,58
1747348386.238677532,319013,19245,-10,10,57
1747348386.238677532,319013,19246,-10,7,60
1747348386.238677532,319013,19247,-10,10,53
1747348386.238677532,319013,19248,-10,8,55
1747348386.238677532,319013,19249,-10,9,52
1747348386.238677532,319013,19250,-10,9,55
1747348386.238677532,319013,19267,-10,9,61
1747348386.238677532,319013,19268,-10,14,57
1747348386.238677532,319013,19269,-10,11,60
1747348386.238677532,319013,19270,-10,11,60
1747348386.238677532,319013,19271,-10,10,57
1747348386.238677532,319013,19272,-10,11,56
1747348386.238677532,319013,19273,-10,10,57
1747348386.238677532,319013,19274,-10,12,55
1747348386.238677532,319013,19275,-10,10,53
1747348386.238677532,319013,19276,-10,10,53
1747348386.238677532,319013,19277,-10,12,51
1747348386.238677532,319013,19278,-10,12,51
1747348386.238677532,319013,19279,-10,12,47
1747348386.238677532,319013,19280,-10,10,50
1747348386.238677532,319013,19281,-10,10,50
1747348386.238677532,319013,19282,-10,10,50
1747348386.238677532,319013,19283,-10,10,58
1747348386.238677532,319013,19284,-10,12,57
1747348386.238677532,319013,19285,-10,11,57
1747348386.238677532,319013,19286,-10,12,56
1747348386.238677532,319013,19287,-10,12,52
1747348386.238677532,319013,19288,-10,12,53
1747348386.238677532,319013,19289,-10,15,50
1747348386.238677532,319013,19290,-10,15,50
1747348386.238677532,319013,19291,-10,9,60
1747348386.238677532,319013,19292,-10,13,56
1747348386.238677532,319013,19293,-10,22,46
1747348386.238677532,319013,19294,-10,13,55
1747348386.238677532,319013,19295,-10,13,52
1747348386.238677532,319013,19296,-10,8,56
1747348386.238677532,319013,19297,-10,11,53
1747348386.238677532,319013,19298,-10,9,55
1747348386.238677532,319013,19315,-10,9,57
1747348386.238677532,319013,19316,-10,14,50
1747348386.238677532,319013,19317,-10,12,53
1747348386.238677532,319013,19318,-10,12,53
1747348386.238677532,319013,19319,-10,8,54
1747348386.238677532,319013,19320,-10,11,49
1747348386.238677532,319013,19321,-10,10,51
1747348386.238677532,319013,19322,-10,10,50
1747348386.238677532,319013,19323,-10,10,55
1747348386.238677532,319013,19324,-10,9,56
1747348386.238677532,319013,19325,-10,12,52
1747348386.238677532,319013,19326,-10,14,50
1747348386.238677532,319013,19327,-10,11,49
1747348386.238677532,319013,19328,-10,12,50
1747348386.238677532,319013,19329,-10,15,45
1747348386.238677532,319013,19330,-10,8,52
1747348386.238677532,319013,19331,-10,9,56
1747348386.238677532,319013,19332,-10,12,53
1747348386.238677532,319013,19333,-10,10,53
1747348386.238677532,319013,19334,-10,9,56
1747348386.238677532,319013,19335,-10,13,48
1747348386.238677532,319013,19336,-10,11,49
1747348386.238677532,319013,19337,-10,10,51
1747348386.238677532,319013,19338,-10,9,51
1747348386.238677532,319014,19355,-10,10,56
1747348386.238677532,319014,19356,-10,14,52
1747348386.238677532,319014,19357,-10,13,52
1747348386.238677532,319014,19358,-10,12,54
1747348386.238677532,319014,19359,-10,11,50
1747348386.238677532,319014,19360,-10,11,50
1747348386.238677532,319014,19361,-10,13,48
1747348386.238677532,319014,19362,-10,12,49
1747348386.238677532,319014,19363,-10,9,57
1747348386.238677532,319014,19364,-10,15,52
1747348386.238677532,319014,19365,-10,10,56
1747348386.238677532,319014,19366,-10,11,56
1747348386.238677532,319014,19367,-10,9,53
1747348386.238677532,319014,19368,-10,11,52
1747348386.238677532,319014,19369,-10,7,56
1747348386.238677532,319014,19370,-10,12,51
1747348386.238677532,319014,19403,-10,9,55
1747348386.238677532,319014,19404,-10,10,56
1747348386.238677532,319014,19405,-10,8,57
1747348386.238677532,319014,19406,-10,9,57
1747348386.238677532,319014,19407,-10,9,54
1747348386.238677532,319014,19408,-10,12,50
1747348386.238677532,319014,19409,-10,8,55
1747348386.238677532,319014,19410,-10,12,49
1747348386.238677532,319014,19419,-10,8,54
1747348386.238677532,319014,19420,-10,13,50
1747348386.238677532,319014,19421,-10,11,53
1747348386.238677532,319014,19422,-10,8,56
1747348386.238677532,319014,19423,-10,12,49
1747348386.238677532,319014,19424,-10,10,50
1747348386.238677532,319014,19425,-10,12,48
1747348386.238677532,319014,19426,-10,11,49
1747348386.238677532,319014,19443,-10,15,53
1747348386.238677532,319014,19444,-10,14,55
1747348386.238677532,319014,19445,-10,13,55
1747348386.238677532,319014,19446,-10,11,57
1747348386.238677532,319014,19447,-10,13,52
1747348386.238677532,319014,19448,-10,9,56
1747348386.238677532,319014,19449,-10,8,57
1747348386.238677532,319014,19450,-10,10,54
1747348386.238677532,319013,19183,19,0,0
1747348386.238677532,319013,19185,19,0,1
1747348386.238677532,319013,19187,19,0,1
1747348386.238677532,319013,19190,19,0,1
1747348386.238677532,319013,19191,19,0,1
1747348386.238677532,319013,19193,19,0,1
1747348386.238677532,319013,19195,19,0,1
1747348386.238677532,319013,19197,19,0,1
1747348386.238677532,319013,19199,19,0,1
1747348386.238677532,319013,19201,19,0,1
1747348386.238677532,319013,19204,19,0,1
1747348386.238677532,319013,19206,19,0,1
1747348386.238677532,319013,19208,19,0,1
1747348386.238677532,319013,19209,19,0,1
1747348386.238677532,319013,19211,19,0,1
1747348386.238677532,319013,19213,19,0,2
end sample
1747348386.399202091,319012,19179,-10,11,57
1747348386.399202091,319012,19180,-10,13,55
1747348386.399202091,319013,19181,-10,13,55
1747348386.399202091,319013,19182,-10,9,59
1747348386.399202091,319013,19184,-10,11,54
1747348386.399202091,319013,19186,-10,8,57
1747348386.399202091,319013,19188,-10,11,55
1747348386.399202091,319013,19189,-10,13,52
1747348386.399202091,319013,19192,-10,11,51
1747348386.399202091,319013,19194,-10,6,56
1747348386.399202091,319013,19196,-10,13,50
1747348386.399202091,319013,19198,-10,12,51
1747348386.399202091,319013,19200,-10,10,50
1747348386.399202091,319013,19202,-10,13,46
1747348386.399202091,319013,19203,-10,8,51
1747348386.399202091,319013,19205,-10,11,48
1747348386.399202091,319013,19207,-10,13,57
1747348386.399202091,319013,19210,-10,14,55
1747348386.399202091,319013,19212,-10,11,58
1747348386.399202091,319013,19214,-10,11,58
1747348386.399202091,319013,19215,-10,15,50
1747348386.399202091,319013,19216,-10,10,55
1747348386.399202091,319013,19217,-10,13,52
1747348386.399202091,319013,19218,-10,9,55
1747348386.399202091,319013,19243,-10,7,62
1747348386.399202091,319013,19244,-10,8,60
1747348386.399202091,319013,19245,-10,10,58
1747348386.399202091,319013,19246,-10,7,62
1747348386.399202091,319013,19249,-10,9,55
1747348386.399202091,319013,19267,-10,9,62
1747348386.399202091,319013,19268,-10,14,58
1747348386.399202091,319013,19269,-10,11,61
1747348386.399202091,319013,19270,-10,11,62
1747348386.399202091,319013,19271,-10,10,58
1747348386.399202091,319013,19272,-10,12,57
1747348386.399202091,319013,19273,-10,11,58
1747348386.399202091,319013,19274,-10,12,57
1747348386.399202091,319013,19275,-10,10,54
1747348386.399202091,319013,19276,-10,10,55
1747348386.399202091,319013,19277,-10,12,53
1747348386.399202091,319013,19278,-10,12,53
1747348386.399202091,319013,19279,-10,12,49
1747348386.399202091,319013,19280,-10,10,52
1747348386.399202091,319013,19281,-10,10,51
1747348386.399202091,319013,19282,-10,10,52
1747348386.399202091,319013,19283,-10,10,60
1747348386.399202091,319013,19284,-10,13,58
1747348386.399202091,319013,19285,-10,11,59
1747348386.399202091,319013,19286,-10,12,58
1747348386.399202091,319013,19287,-10,13,53
1747348386.399202091,319013,19288,-10,12,55
1747348386.399202091,319013,19289,-10,16,51
1747348386.399202091,319013,19290,-10,15,51
1747348386.399202091,319013,19291,-10,9,62
1747348386.399202091,319013,19292,-10,13,58
1747348386.399202091,319013,19293,-10,23,47
1747348386.399202091,319013,19294,-10,13,57
1747348386.399202091,319013,19295,-10,13,53
1747348386.399202091,319013,19296,-10,8,59
1747348386.399202091,319013,19297,-10,11,56
1747348386.399202091,319013,19298,-10,9,57
1747348386.399202091,319013,19315,-10,9,58
1747348386.399202091,319013,19316,-10,15,52
1747348386.399202091,319013,19317,-10,12,55
1747348386.399202091,319013,19318,-10,13,54
1747348386.399202091,319013,19319,-10,9,56
1747348386.399202091,319013,19320,-10,11,51
1747348386.399202091,319013,19321,-10,11,52
1747348386.399202091,319013,19322,-10,10,52
1747348386.399202091,319013,19323,-10,10,58
1747348386.399202091,319013,19324,-10,9,59
1747348386.399202091,319013,19325,-10,13,55
1747348386.399202091,319013,19326,-10,14,53
1747348386.399202091,319013,19327,-10,11,52
1747348386.399202091,319013,19328,-10,12,52
1747348386.399202091,319013,19329,-10,16,48
1747348386.399202091,319013,19330,-10,8,55
1747348386.399202091,319013,19331,-10,10,58
1747348386.399202091,319013,19332,-10,12,54
1747348386.399202091,319013,19333,-10,12,54
1747348386.399202091,319013,19334,-10,9,58
1747348386.399202091,319013,19335,-10,13,51
1747348386.399202091,319013,19336,-10,11,51
1747348386.399202091,319013,19337,-10,11,52
1747348386.399202091,319013,19338,-10,10,53
1747348386.399202091,319014,19355,-10,10,59
1747348386.399202091,319014,19356,-10,15,54
1747348386.399202091,319014,19357,-10,14,54
1747348386.399202091,319014,19358,-10,13,56
1747348386.399202091,319014,19359,-10,11,53
1747348386.399202091,319014,19360,-10,11,52
1747348386.399202091,319014,19361,-10,13,50
1747348386.399202091,319014,19362,-10,12,51
1747348386.399202091,319014,19363,-10,9,62
1747348386.399202091,319014,19364,-10,15,55
1747348386.399202091,319014,19365,-10,10,61
1747348386.399202091,319014,19366,-10,11,59
1747348386.399202091,319014,19367,-10,10,57
1747348386.399202091,319014,19368,-10,11,57
1747348386.399202091,319014,19369,-10,8,61
1747348386.399202091,319014,19370,-10,12,55
1747348386.399202091,319014,19403,-10,9,59
1747348386.399202091,319014,19404,-10,10,59
1747348386.399202091,319014,19405,-10,8,61
1747348386.399202091,319014,19406,-10,10,59
1747348386.399202091,319014,19407,-10,9,57
1747348386.399202091,319014,19408,-10,12,53
1747348386.399202091,319014,19409,-10,8,58
1747348386.399202091,319014,19410,-10,12,52
1747348386.399202091,319014,19419,-10,9,58
1747348386.399202091,319014,19420,-10,13,54
1747348386.399202091,319014,19421,-10,11,56
1747348386.399202091,319014,19422,-10,9,59
1747348386.399202091,319014,19423,-10,13,51
1747348386.399202091,319014,19424,-10,10,54
1747348386.399202091,319014,19425,-10,12,51
1747348386.399202091,319014,19426,-10,11,52
1747348386.399202091,319014,19443,-10,15,56
1747348386.399202091,319014,19444,-10,14,58
1747348386.399202091,319014,19445,-10,13,59
1747348386.399202091,319014,19446,-10,12,60
1747348386.399202091,319014,19447,-10,13,55
1747348386.399202091,319014,19448,-10,9,60
1747348386.399202091,319014,19449,-10,8,60
1747348386.399202091,319014,19450,-10,11,57
1747348386.399202091,319013,19183,19,0,0
1747348386.399202091,319013,19185,19,0,1
1747348386.399202091,319013,19187,19,0,1
1747348386.399202091,319013,19190,19,0,1
1747348386.399202091,319013,19191,19,0,1
1747348386.399202091,319013,19193,19,0,1
1747348386.399202091,319013,19195,19,0,1
1747348386.399202091,319013,19197,19,0,1
1747348386.399202091,319013,19199,19,0,1
1747348386.399202091,319013,19201,19,0,1
1747348386.399202091,319013,19204,19,0,1
1747348386.399202091,319013,19206,19,0,1
1747348386.399202091,319013,19208,19,0,1
1747348386.399202091,319013,19209,19,0,2
1747348386.399202091,319013,19211,19,0,1
1747348386.399202091,319013,19213,19,0,2
end sample
1747348386.815993672,319012,19179,-10,12,61
1747348386.815993672,319012,19180,-10,14,60
1747348386.815993672,319013,19181,-10,13,61
1747348386.815993672,319013,19182,-10,10,64
1747348386.815993672,319013,19184,-10,12,59
1747348386.815993672,319013,19186,-10,9,62
1747348386.815993672,319013,19188,-10,12,59
1747348386.815993672,319013,19189,-10,15,56
1747348386.815993672,319013,19192,-10,12,55
1747348386.815993672,319013,19194,-10,7,61
1747348386.815993672,319013,19196,-10,13,55
1747348386.815993672,319013,19198,-10,13,55
1747348386.815993672,319013,19200,-10,11,54
1747348386.815993672,319013,19202,-10,14,50
1747348386.815993672,319013,19203,-10,9,56
1747348386.815993672,319013,19205,-10,12,52
1747348386.815993672,319013,19207,-10,13,63
1747348386.815993672,319013,19210,-10,14,62
1747348386.815993672,319013,19212,-10,12,64
1747348386.815993672,319013,19214,-10,12,64
1747348386.815993672,319013,19215,-10,15,56
1747348386.815993672,319013,19216,-10,12,60
1747348386.815993672,319013,19217,-10,13,59
1747348386.815993672,319013,19218,-10,10,61
1747348386.815993672,319013,19275,-10,10,60
1747348386.815993672,319013,19276,-10,11,60
1747348386.815993672,319013,19277,-10,12,58
1747348386.815993672,319013,19278,-10,12,59
1747348386.815993672,319013,19279,-10,14,53
1747348386.815993672,319013,19280,-10,11,58
1747348386.815993672,319013,19281,-10,10,58
1747348386.815993672,319013,19282,-10,11,57
1747348386.815993672,319013,19283,-10,11,64
1747348386.815993672,319013,19284,-10,13,64
1747348386.815993672,319013,19285,-10,12,64
1747348386.815993672,319013,19286,-10,12,63
1747348386.815993672,319013,19287,-10,13,59
1747348386.815993672,319013,19288,-10,13,59
1747348386.815993672,319013,19289,-10,17,55
1747348386.815993672,319013,19290,-10,17,56
1747348386.815993672,319013,19291,-10,9,67
1747348386.815993672,319013,19292,-10,13,63
1747348386.815993672,319013,19293,-10,23,52
1747348386.815993672,319013,19294,-10,13,62
1747348386.815993672,319013,19295,-10,13,58
1747348386.815993672,319013,19296,-10,8,63
1747348386.815993672,319013,19297,-10,12,60
1747348386.815993672,319013,19298,-10,9,61
1747348386.815993672,319013,19315,-10,10,61
1747348386.815993672,319013,19316,-10,16,55
1747348386.815993672,319013,19317,-10,13,58
1747348386.815993672,319013,19318,-10,14,57
1747348386.815993672,319013,19319,-10,10,59
1747348386.815993672,319013,19320,-10,12,55
1747348386.815993672,319013,19321,-10,11,56
1747348386.815993672,319013,19322,-10,11,56
1747348386.815993672,319013,19323,-10,10,62
1747348386.815993672,319013,19324,-10,9,63
1747348386.815993672,319013,19325,-10,14,58
1747348386.815993672,319013,19326,-10,15,56
1747348386.815993672,319013,19327,-10,12,56
1747348386.815993672,319013,19328,-10,13,56
1747348386.815993672,319013,19329,-10,16,51
1747348386.815993672,319013,19330,-10,9,59
1747348386.815993672,319013,19331,-10,10,62
1747348386.815993672,319013,19332,-10,13,58
1747348386.815993672,319013,19333,-10,13,57
1747348386.815993672,319013,19334,-10,10,61
1747348386.815993672,319013,19335,-10,14,54
1747348386.815993672,319013,19336,-10,12,54
1747348386.815993672,319013,19337,-10,13,54
1747348386.815993672,319013,19338,-10,11,56
1747348386.815993672,319014,19355,-10,10,63
1747348386.815993672,319014,19356,-10,15,58
1747348386.815993672,319014,19357,-10,15,57
1747348386.815993672,319014,19358,-10,14,59
1747348386.815993672,319014,19359,-10,11,57
1747348386.815993672,319014,19360,-10,12,56
1747348386.815993672,319014,19361,-10,14,54
1747348386.815993672,319014,19362,-10,13,55
1747348386.815993672,319014,19363,-10,10,66
1747348386.815993672,319014,19364,-10,16,59
1747348386.815993672,319014,19365,-10,11,65
1747348386.815993672,319014,19366,-10,11,64
1747348386.815993672,319014,19367,-10,11,61
1747348386.815993672,319014,19368,-10,11,60
1747348386.815993672,319014,19369,-10,8,64
1747348386.815993672,319014,19370,-10,13,59
1747348386.815993672,319014,19403,-10,10,62
1747348386.815993672,319014,19404,-10,11,62
1747348386.815993672,319014,19405,-10,8,64
1747348386.815993672,319014,19406,-10,10,62
1747348386.815993672,319014,19407,-10,10,60
1747348386.815993672,319014,19408,-10,13,56
1747348386.815993672,319014,19409,-10,8,61
1747348386.815993672,319014,19410,-10,13,55
1747348386.815993672,319014,19419,-10,9,61
1747348386.815993672,319014,19420,-10,13,57
1747348386.815993672,319014,19421,-10,12,58
1747348386.815993672,319014,19422,-10,10,62
1747348386.815993672,319014,19423,-10,13,54
1747348386.815993672,319014,19424,-10,10,56
1747348386.815993672,319014,19425,-10,13,53
1747348386.815993672,319014,19426,-10,12,55
1747348386.815993672,319014,19443,-10,17,58
1747348386.815993672,319014,19444,-10,16,60
1747348386.815993672,319014,19445,-10,13,62
1747348386.815993672,319014,19446,-10,12,63
1747348386.815993672,319014,19447,-10,14,58
1747348386.815993672,319014,19448,-10,9,63
1747348386.815993672,319014,19449,-10,9,63
1747348386.815993672,319014,19450,-10,12,60
1747348386.815993672,319013,19183,19,0,1
1747348386.815993672,319013,19185,19,0,2
1747348386.815993672,319013,19187,19,0,2
1747348386.815993672,319013,19190,19,0,2
1747348386.815993672,319013,19191,19,0,2
1747348386.815993672,319013,19193,19,0,1
1747348386.815993672,319013,19195,19,0,2
1747348386.815993672,319013,19197,19,0,1
1747348386.815993672,319013,19199,19,0,2
1747348386.815993672,319013,19201,19,0,1
1747348386.815993672,319013,19204,19,0,1
1747348386.815993672,319013,19206,19,0,1
1747348386.815993672,319013,19208,19,0,1
1747348386.815993672,319013,19209,19,0,2
1747348386.815993672,319013,19211,19,0,1
1747348386.815993672,319013,19213,19,0,2
end sample
1747348386.948613474,319012,19179,-10,12,63
1747348386.948613474,319012,19180,-10,15,62
1747348386.948613474,319013,19181,-10,13,63
1747348386.948613474,319013,19182,-10,10,65
1747348386.948613474,319013,19184,-10,12,60
1747348386.948613474,319013,19186,-10,9,63
1747348386.948613474,319013,19188,-10,12,60
1747348386.948613474,319013,19189,-10,15,57
1747348386.948613474,319013,19192,-10,12,56
1747348386.948613474,319013,19194,-10,7,63
1747348386.948613474,319013,19196,-10,13,57
1747348386.948613474,319013,19198,-10,13,57
1747348386.948613474,319013,19200,-10,11,55
1747348386.948613474,319013,19202,-10,14,51
1747348386.948613474,319013,19203,-10,9,57
1747348386.948613474,319013,19205,-10,12,53
1747348386.948613474,319013,19207,-10,13,65
1747348386.948613474,319013,19210,-10,14,64
1747348386.948613474,319013,19212,-10,12,65
1747348386.948613474,319013,19214,-10,12,66
1747348386.948613474,319013,19215,-10,15,58
1747348386.948613474,319013,19216,-10,12,61
1747348386.948613474,319013,19217,-10,13,60
1747348386.948613474,319013,19218,-10,11,62
1747348386.948613474,319013,19275,-10,10,63
1747348386.948613474,319013,19276,-10,12,62
1747348386.948613474,319013,19277,-10,12,61
1747348386.948613474,319013,19278,-10,12,62
1747348386.948613474,319013,19279,-10,14,55
1747348386.948613474,319013,19280,-10,11,60
1747348386.948613474,319013,19281,-10,10,60
1747348386.948613474,319013,19282,-10,11,59
1747348386.948613474,319013,19283,-10,12,66
1747348386.948613474,319013,19284,-10,13,66
1747348386.948613474,319013,19285,-10,12,65
1747348386.948613474,319013,19286,-10,12,64
1747348386.948613474,319013,19287,-10,13,61
1747348386.948613474,319013,19288,-10,14,61
1747348386.948613474,319013,19289,-10,17,57
1747348386.948613474,319013,19290,-10,17,57
1747348386.948613474,319013,19291,-10,9,68
1747348386.948613474,319013,19292,-10,14,64
1747348386.948613474,319013,19293,-10,23,54
1747348386.948613474,319013,19294,-10,13,64
1747348386.948613474,319013,19295,-10,14,60
1747348386.948613474,319013,19296,-10,8,65
1747348386.948613474,319013,19297,-10,12,61
1747348386.948613474,319013,19298,-10,9,63
1747348386.948613474,319013,19315,-10,10,63
1747348386.948613474,319013,19316,-10,16,57
1747348386.948613474,319013,19317,-10,13,60
1747348386.948613474,319013,19318,-10,14,59
1747348386.948613474,319013,19319,-10,10,61
1747348386.948613474,319013,19320,-10,12,57
1747348386.948613474,319013,19321,-10,11,58
1747348386.948613474,319013,19322,-10,11,58
1747348386.948613474,319013,19323,-10,10,64
1747348386.948613474,319013,19324,-10,9,65
1747348386.948613474,319013,19325,-10,14,61
1747348386.948613474,319013,19326,-10,16,58
1747348386.948613474,319013,19327,-10,12,58
1747348386.948613474,319013,19328,-10,13,58
1747348386.948613474,319013,19329,-10,16,53
1747348386.948613474,319013,19330,-10,9,61
1747348386.948613474,319013,19331,-10,11,63
1747348386.948613474,319013,19332,-10,14,60
1747348386.948613474,319013,19333,-10,13,59
1747348386.948613474,319013,19334,-10,10,64
1747348386.948613474,319013,19335,-10,15,55
1747348386.948613474,319013,19336,-10,13,56
1747348386.948613474,319013,19337,-10,14,55
1747348386.948613474,319013,19338,-10,11,58
1747348386.948613474,319014,19355,-10,11,64
1747348386.948613474,319014,19356,-10,16,59
1747348386.948613474,319014,19357,-10,15,59
1747348386.948613474,319014,19358,-10,15,61
1747348386.948613474,319014,19359,-10,12,58
1747348386.948613474,319014,19360,-10,13,57
1747348386.948613474,319014,19361,-10,14,56
1747348386.948613474,319014,19362,-10,14,57
1747348386.948613474,319014,19363,-10,10,67
1747348386.948613474,319014,19364,-10,16,61
1747348386.948613474,319014,19365,-10,11,67
1747348386.948613474,319014,19366,-10,11,66
1747348386.948613474,319014,19367,-10,11,63
1747348386.948613474,319014,19368,-10,12,61
1747348386.948613474,319014,19369,-10,8,66
1747348386.948613474,319014,19370,-10,13,60
1747348386.948613474,319014,19403,-10,10,64
1747348386.948613474,319014,19404,-10,11,64
1747348386.948613474,319014,19405,-10,8,66
1747348386.948613474,319014,19406,-10,10,64
1747348386.948613474,319014,19407,-10,10,61
1747348386.948613474,319014,19408,-10,13,57
1747348386.948613474,319014,19409,-10,8,63
1747348386.948613474,319014,19410,-10,13,56
1747348386.948613474,319014,19419,-10,9,63
1747348386.948613474,319014,19420,-10,14,58
1747348386.948613474,319014,19421,-10,12,60
1747348386.948613474,319014,19422,-10,10,63
1747348386.948613474,319014,19423,-10,14,56
1747348386.948613474,319014,19424,-10,11,58
1747348386.948613474,319014,19425,-10,14,55
1747348386.948613474,319014,19426,-10,13,56
1747348386.948613474,319014,19443,-10,17,60
1747348386.948613474,319014,19444,-10,16,62
1747348386.948613474,319014,19445,-10,13,64
1747348386.948613474,319014,19446,-10,13,65
1747348386.948613474,319014,19447,-10,14,60
1747348386.948613474,319014,19448,-10,9,65
1747348386.948613474,319014,19449,-10,9,65
1747348386.948613474,319014,19450,-10,12,62
1747348386.948613474,319013,19183,19,0,1
1747348386.948613474,319013,19185,19,0,2
1747348386.948613474,319013,19187,19,0,2
1747348386.948613474,319013,19190,19,0,2
1747348386.948613474,319013,19191,19,0,2
1747348386.948613474,319013,19193,19,0,1
1747348386.948613474,319013,19195,19,0,2
1747348386.948613474,319013,19197,19,0,1
1747348386.948613474,319013,19199,19,0,2
1747348386.948613474,319013,19201,19,0,1
1747348386.948613474,319013,19204,19,0,1
1747348386.948613474,319013,19206,19,0,1
1747348386.948613474,319013,19208,19,0,1
1747348386.948613474,319013,19209,19,0,2
1747348386.948613474,319013,19211,19,0,1
1747348386.948613474,319013,19213,19,0,2
end sample
1747348387.137577777,319012,19179,-10,13,65
1747348387.137577777,319012,19180,-10,15,64
1747348387.137577777,319013,19181,-10,14,65
1747348387.137577777,319013,19182,-10,11,67
1747348387.137577777,319013,19184,-10,12,63
1747348387.137577777,319013,19186,-10,11,64
1747348387.137577777,319013,19188,-10,13,62
1747348387.137577777,319013,19189,-10,16,59
1747348387.137577777,319013,19192,-10,12,59
1747348387.137577777,319013,19194,-10,7,65
1747348387.137577777,319013,19196,-10,14,59
1747348387.137577777,319013,19198,-10,13,59
1747348387.137577777,319013,19200,-10,12,57
1747348387.137577777,319013,19202,-10,15,53
1747348387.137577777,319013,19203,-10,9,59
1747348387.137577777,319013,19205,-10,13,55
1747348387.137577777,319013,19275,-10,11,66
1747348387.137577777,319013,19276,-10,13,65
1747348387.137577777,319013,19277,-10,12,65
1747348387.137577777,319013,19278,-10,13,66
1747348387.137577777,319013,19279,-10,14,60
1747348387.137577777,319013,19280,-10,11,64
1747348387.137577777,319013,19281,-10,11,64
1747348387.137577777,319013,19282,-10,11,63
1747348387.137577777,319013,19283,-10,12,68
1747348387.137577777,319013,19284,-10,13,68
1747348387.137577777,319013,19285,-10,12,68
1747348387.137577777,319013,19286,-10,14,66
1747348387.137577777,319013,19287,-10,13,63
1747348387.137577777,319013,19288,-10,14,63
1747348387.137577777,319013,19289,-10,17,59
1747348387.137577777,319013,19290,-10,17,59
1747348387.137577777,319013,19291,-10,9,71
1747348387.137577777,319013,19292,-10,14,66
1747348387.137577777,319013,19293,-10,23,56
1747348387.137577777,319013,19294,-10,13,66
1747348387.137577777,319013,19295,-10,14,62
1747348387.137577777,319013,19296,-10,8,67
1747348387.137577777,319013,19297,-10,12,63
1747348387.137577777,319013,19298,-10,9,66
1747348387.137577777,319013,19315,-10,12,64
1747348387.137577777,319013,19316,-10,16,60
1747348387.137577777,319013,19317,-10,14,62
1747348387.137577777,319013,19318,-10,15,61
1747348387.137577777,319013,19319,-10,10,63
1747348387.137577777,319013,19320,-10,13,59
1747348387.137577777,319013,19321,-10,12,60
1747348387.137577777,319013,19322,-10,11,61
1747348387.137577777,319013,19323,-10,10,67
1747348387.137577777,319013,19324,-10,10,67
1747348387.137577777,319013,19325,-10,14,63
1747348387.137577777,319013,19326,-10,16,60
1747348387.137577777,319013,19327,-10,12,61
1747348387.137577777,319013,19328,-10,13,60
1747348387.137577777,319013,19329,-10,17,55
1747348387.137577777,319013,19330,-10,10,64
1747348387.137577777,319013,19331,-10,12,66
1747348387.137577777,319013,19332,-10,15,62
1747348387.137577777,319013,19333,-10,15,61
1747348387.137577777,319013,19334,-10,10,68
1747348387.137577777,319013,19335,-10,16,59
1747348387.137577777,319013,19336,-10,14,59
1747348387.137577777,319013,19337,-10,14,59
1747348387.137577777,319013,19338,-10,13,60
1747348387.137577777,319014,19355,-10,12,66
1747348387.137577777,319014,19356,-10,17,61
1747348387.137577777,319014,19357,-10,16,61
1747348387.137577777,319014,19358,-10,16,63
1747348387.137577777,319014,19359,-10,12,61
1747348387.137577777,319014,19360,-10,13,60
1747348387.137577777,319014,19361,-10,15,58
1747348387.137577777,319014,19362,-10,15,58
1747348387.137577777,319014,19363,-10,11,70
1747348387.137577777,319014,19364,-10,16,64
1747348387.137577777,319014,19365,-10,12,70
1747348387.137577777,319014,19366,-10,11,69
1747348387.137577777,319014,19367,-10,11,66
1747348387.137577777,319014,19368,-10,12,64
1747348387.137577777,319014,19369,-10,9,68
1747348387.137577777,319014,19370,-10,13,63
1747348387.137577777,319014,19403,-10,10,67
1747348387.137577777,319014,19404,-10,11,67
1747348387.137577777,319014,19405,-10,8,68
1747348387.137577777,319014,19406,-10,11,66
1747348387.137577777,319014,19407,-10,11,63
1747348387.137577777,319014,19408,-10,13,60
1747348387.137577777,319014,19409,-10,8,66
1747348387.137577777,319014,19410,-10,13,60
1747348387.137577777,319014,19419,-10,11,64
1747348387.137577777,319014,19420,-10,14,62
1747348387.137577777,319014,19421,-10,13,63
1747348387.137577777,319014,19422,-10,11,65
1747348387.137577777,319014,19423,-10,14,58
1747348387.137577777,319014,19424,-10,12,61
1747348387.137577777,319014,19425,-10,14,58
1747348387.137577777,319014,19426,-10,13,58
1747348387.137577777,319014,19443,-10,18,62
1747348387.137577777,319014,19444,-10,17,64
1747348387.137577777,319014,19445,-10,13,67
1747348387.137577777,319014,19446,-10,14,68
1747348387.137577777,319014,19447,-10,15,62
1747348387.137577777,319014,19448,-10,10,68
1747348387.137577777,319014,19449,-10,9,69
1747348387.137577777,319014,19450,-10,12,65
1747348387.137577777,319013,19183,19,0,2
1747348387.137577777,319013,19185,19,0,3
1747348387.137577777,319013,19187,19,0,3
1747348387.137577777,319013,19190,19,0,3
1747348387.137577777,319013,19191,19,0,2
1747348387.137577777,319013,19193,19,0,2
1747348387.137577777,319013,19195,19,0,2
1747348387.137577777,319013,19197,19,0,3
1747348387.137577777,319013,19199,19,0,2
1747348387.137577777,319013,19201,19,0,1
1747348387.137577777,319013,19204,19,0,2
1747348387.137577777,319013,19206,19,0,2
1747348387.137577777,319013,19208,19,0,2
1747348387.137577777,319013,19209,19,0,2
1747348387.137577777,319013,19211,19,0,1
1747348387.137577777,319013,19213,19,0,2
end sample
1747348387.377365556,319013,19192,-10,12,63
1747348387.377365556,319013,19194,-10,8,68
1747348387.377365556,319013,19196,-10,14,62
1747348387.377365556,319013,19198,-10,13,62
1747348387.377365556,319013,19200,-10,12,60
1747348387.377365556,319013,19202,-10,15,57
1747348387.377365556,319013,19203,-10,9,63
1747348387.377365556,319013,19205,-10,13,59
1747348387.377365556,319013,19275,-10,11,72
1747348387.377365556,319013,19276,-10,13,70
1747348387.377365556,319013,19277,-10,13,70
1747348387.377365556,319013,19278,-10,14,71
1747348387.377365556,319013,19279,-10,14,65
1747348387.377365556,319013,19280,-10,12,68
1747348387.377365556,319013,19281,-10,12,68
1747348387.377365556,319013,19282,-10,12,69
1747348387.377365556,319013,19315,-10,12,67
1747348387.377365556,319013,19316,-10,17,62
1747348387.377365556,319013,19317,-10,14,65
1747348387.377365556,319013,19318,-10,16,63
1747348387.377365556,319013,19319,-10,11,66
1747348387.377365556,319013,19320,-10,14,62
1747348387.377365556,319013,19321,-10,13,63
1747348387.377365556,319013,19322,-10,12,63
1747348387.377365556,319013,19323,-10,10,71
1747348387.377365556,319013,19324,-10,10,71
1747348387.377365556,319013,19325,-10,15,66
1747348387.377365556,319013,19326,-10,17,63
1747348387.377365556,319013,19327,-10,12,65
1747348387.377365556,319013,19328,-10,13,64
1747348387.377365556,319013,19329,-10,17,59
1747348387.377365556,319013,19330,-10,10,67
1747348387.377365556,319013,19331,-10,12,69
1747348387.377365556,319013,19332,-10,15,65
1747348387.377365556,319013,19333,-10,15,64
1747348387.377365556,319013,19334,-10,10,70
1747348387.377365556,319013,19335,-10,16,61
1747348387.377365556,319013,19336,-10,14,61
1747348387.377365556,319013,19337,-10,15,61
1747348387.377365556,319013,19338,-10,14,62
1747348387.377365556,319014,19355,-10,12,69
1747348387.377365556,319014,19356,-10,17,63
1747348387.377365556,319014,19357,-10,17,63
1747348387.377365556,319014,19358,-10,17,65
1747348387.377365556,319014,19359,-10,12,64
1747348387.377365556,319014,19360,-10,14,62
1747348387.377365556,319014,19361,-10,15,61
1747348387.377365556,319014,19362,-10,16,61
1747348387.377365556,319014,19403,-10,11,69
1747348387.377365556,319014,19404,-10,11,70
1747348387.377365556,319014,19405,-10,9,71
1747348387.377365556,319014,19406,-10,11,69
1747348387.377365556,319014,19407,-10,11,66
1747348387.377365556,319014,19408,-10,14,63
1747348387.377365556,319014,19409,-10,8,69
1747348387.377365556,319014,19410,-10,13,63
1747348387.377365556,319014,19419,-10,11,66
1747348387.377365556,319014,19420,-10,15,63
1747348387.377365556,319014,19421,-10,13,65
1747348387.377365556,319014,19422,-10,12,67
1747348387.377365556,319014,19423,-10,15,61
1747348387.377365556,319014,19424,-10,12,63
1747348387.377365556,319014,19425,-10,14,60
1747348387.377365556,319014,19426,-10,14,61
1747348387.377365556,319013,19183,19,0,3
1747348387.377365556,319013,19185,19,0,4
1747348387.377365556,319013,19187,19,0,4
1747348387.377365556,319013,19190,19,0,4
1747348387.377365556,319013,19191,19,0,2
1747348387.377365556,319013,19193,19,0,3
1747348387.377365556,319013,19195,19,0,4
1747348387.377365556,319013,19197,19,0,4
1747348387.377365556,319013,19199,19,0,3
1747348387.377365556,319013,19201,19,0,2
1747348387.377365556,319013,19204,19,0,3
1747348387.377365556,319013,19206,19,0,2
1747348387.377365556,319013,19208,19,0,2
1747348387.377365556,319013,19209,19,0,3
1747348387.377365556,319013,19211,19,0,2
1747348387.377365556,319013,19213,19,0,3
end sample
1747348387.511736071,319013,19192,-10,13,66
1747348387.511736071,319013,19194,-10,8,71
1747348387.511736071,319013,19196,-10,14,66
1747348387.511736071,319013,19198,-10,14,65
1747348387.511736071,319013,19200,-10,12,64
1747348387.511736071,319013,19202,-10,15,61
1747348387.511736071,319013,19203,-10,10,66
1747348387.511736071,319013,19205,-10,14,61
1747348387.511736071,319013,19315,-10,12,70
1747348387.511736071,319013,19316,-10,17,65
1747348387.511736071,319013,19317,-10,15,67
1747348387.511736071,319013,19318,-10,16,66
1747348387.511736071,319013,19319,-10,12,68
1747348387.511736071,319013,19320,-10,14,64
1747348387.511736071,319013,19321,-10,13,65
1747348387.511736071,319013,19322,-10,12,66
1747348387.511736071,319013,19323,-10,10,74
1747348387.511736071,319013,19324,-10,11,73
1747348387.511736071,319013,19325,-10,15,70
1747348387.511736071,319013,19326,-10,17,66
1747348387.511736071,319013,19327,-10,13,68
1747348387.511736071,319013,19328,-10,13,68
1747348387.511736071,319013,19329,-10,17,63
1747348387.511736071,319013,19330,-10,11,70
1747348387.511736071,319013,19331,-10,12,71
1747348387.511736071,319013,19332,-10,15,67
1747348387.511736071,319013,19333,-10,15,66
1747348387.511736071,319013,19334,-10,10,72
1747348387.511736071,319013,19335,-10,17,64
1747348387.511736071,319013,19336,-10,15,63
1747348387.511736071,319013,19337,-10,15,63
1747348387.511736071,319013,19338,-10,15,65
1747348387.511736071,319014,19355,-10,12,72
1747348387.511736071,319014,19356,-10,17,67
1747348387.511736071,319014,19357,-10,17,66
1747348387.511736071,319014,19358,-10,17,68
1747348387.511736071,319014,19359,-10,12,68
1747348387.511736071,319014,19360,-10,14,66
1747348387.511736071,319014,19361,-10,16,64
1747348387.511736071,319014,19362,-10,16,64
1747348387.511736071,319014,19403,-10,11,72
1747348387.511736071,319014,19404,-10,11,73
1747348387.511736071,319014,19405,-10,10,73
1747348387.511736071,319014,19406,-10,11,71
1747348387.511736071,319014,19407,-10,13,68
1747348387.511736071,319014,19408,-10,14,65
1747348387.511736071,319014,19409,-10,10,71
1747348387.511736071,319014,19410,-10,14,65
1747348387.511736071,319014,19419,-10,11,70
1747348387.511736071,319014,19420,-10,15,66
1747348387.511736071,319014,19421,-10,14,68
1747348387.511736071,319014,19422,-10,13,69
1747348387.511736071,319014,19423,-10,15,64
1747348387.511736071,319014,19424,-10,13,66
1747348387.511736071,319014,19425,-10,15,63
1747348387.511736071,319014,19426,-10,14,64
1747348387.511736071,319013,19183,19,0,6
1747348387.511736071,319013,19185,19,0,7
1747348387.511736071,319013,19187,19,0,7
1747348387.511736071,319013,19190,19,0,6
1747348387.511736071,319013,19191,19,1,3
1747348387.511736071,319013,19193,19,1,6
1747348387.511736071,319013,19195,19,0,7
1747348387.511736071,319013,19197,19,0,7
1747348387.511736071,319013,19199,19,0,4
1747348387.511736071,319013,19201,19,0,4
1747348387.511736071,319013,19204,19,0,4
1747348387.511736071,319013,19206,19,1,3
1747348387.511736071,319013,19208,19,0,4
1747348387.511736071,319013,19209,19,0,4
1747348387.511736071,319013,19211,19,0,3
1747348387.511736071,319013,19213,19,0,4
end sample
1747348387.656336344,319013,19192,-10,13,69
1747348387.656336344,319013,19194,-10,10,73
1747348387.656336344,319013,19196,-10,14,69
1747348387.656336344,319013,19198,-10,14,69
1747348387.656336344,319013,19200,-10,13,68
1747348387.656336344,319013,19202,-10,16,64
1747348387.656336344,319013,19203,-10,10,70
1747348387.656336344,319013,19205,-10,15,64
1747348387.656336344,319013,19315,-10,12,73
1747348387.656336344,319013,19316,-10,18,67
1747348387.656336344,319013,19317,-10,15,70
1747348387.656336344,319013,19318,-10,16,69
1747348387.656336344,319013,19319,-10,12,71
1747348387.656336344,319013,19320,-10,14,68
1747348387.656336344,319013,19321,-10,13,69
1747348387.656336344,319013,19322,-10,12,70
1747348387.656336344,319013,19331,-10,13,75
1747348387.656336344,319013,19332,-10,16,70
1747348387.656336344,319013,19333,-10,15,70
1747348387.656336344,319013,19334,-10,11,76
1747348387.656336344,319013,19335,-10,17,68
1747348387.656336344,319013,19336,-10,16,67
1747348387.656336344,319013,19337,-10,16,66
1747348387.656336344,319013,19338,-10,15,68
1747348387.656336344,319014,19355,-10,14,74
1747348387.656336344,319014,19356,-10,19,69
1747348387.656336344,319014,19357,-10,19,68
1747348387.656336344,319014,19358,-10,17,72
1747348387.656336344,319014,19359,-10,13,71
1747348387.656336344,319014,19360,-10,14,69
1747348387.656336344,319014,19361,-10,16,67
1747348387.656336344,319014,19362,-10,16,69
1747348387.656336344,319014,19403,-10,12,74
1747348387.656336344,319014,19404,-10,12,75
1747348387.656336344,319014,19405,-10,11,76
1747348387.656336344,319014,19406,-10,11,75
1747348387.656336344,319014,19407,-10,13,71
1747348387.656336344,319014,19408,-10,14,69
1747348387.656336344,319014,19409,-10,10,74
1747348387.656336344,319014,19410,-10,14,68
1747348387.656336344,319014,19419,-10,12,74
1747348387.656336344,319014,19420,-10,16,70
1747348387.656336344,319014,19421,-10,15,71
1747348387.656336344,319014,19422,-10,14,73
1747348387.656336344,319014,19423,-10,16,67
1747348387.656336344,319014,19424,-10,13,71
1747348387.656336344,319014,19425,-10,16,67
1747348387.656336344,319014,19426,-10,15,68
1747348387.656336344,319013,19183,19,0,8
1747348387.656336344,319013,19185,19,0,9
1747348387.656336344,319013,19187,19,0,9
1747348387.656336344,319013,19190,19,0,8
1747348387.656336344,319013,19191,19,1,5
1747348387.656336344,319013,19193,19,1,8
1747348387.656336344,319013,19195,19,0,10
1747348387.656336344,319013,19197,19,0,10
1747348387.656336344,319013,19199,19,1,6
1747348387.656336344,319013,19201,19,0,6
1747348387.656336344,319013,19204,19,0,6
1747348387.656336344,319013,19206,19,1,5
1747348387.656336344,319013,19208,19,0,5
1747348387.656336344,319013,19209,19,0,6
1747348387.656336344,319013,19211,19,0,6
1747348387.656336344,319013,19213,19,0,6
end sample
1747348387.799889297,319013,19192,-10,13,74
1747348387.799889297,319013,19194,-10,10,78
1747348387.799889297,319013,19196,-10,15,74
1747348387.799889297,319013,19198,-10,15,73
1747348387.799889297,319013,19200,-10,14,72
1747348387.799889297,319013,19202,-10,17,69
1747348387.799889297,319013,19203,-10,11,74
1747348387.799889297,319013,19205,-10,16,68
1747348387.799889297,319014,19419,-10,12,78
1747348387.799889297,319014,19420,-10,17,73
1747348387.799889297,319014,19421,-10,15,75
1747348387.799889297,319014,19422,-10,14,77
1747348387.799889297,319014,19423,-10,17,70
1747348387.799889297,319014,19424,-10,14,75
1747348387.799889297,319014,19425,-10,16,72
1747348387.799889297,319014,19426,-10,15,72
1747348387.799889297,319013,19183,19,1,10
1747348387.799889297,319013,19185,19,1,10
1747348387.799889297,319013,19187,19,0,11
1747348387.799889297,319013,19190,19,0,11
1747348387.799889297,319013,19191,19,1,7
1747348387.799889297,319013,19193,19,1,10
1747348387.799889297,319013,19195,19,0,13
1747348387.799889297,319013,19197,19,0,12
1747348387.799889297,319013,19199,19,1,7
1747348387.799889297,319013,19201,19,1,7
1747348387.799889297,319013,19204,19,0,8
1747348387.799889297,319013,19206,19,2,6
1747348387.799889297,319013,19208,19,0,7
1747348387.799889297,319013,19209,19,1,7
1747348387.799889297,319013,19211,19,1,7
1747348387.799889297,319013,19213,19,1,7
end sample
Time: 11.859
1747348387.912068179,319013,19183,19,2,15
1747348387.912068179,319013,19185,19,1,16
1747348387.912068179,319013,19187,19,1,15
1747348387.912068179,319013,19190,19,1,16
1747348387.912068179,319013,19191,19,3,11
1747348387.912068179,319013,19193,19,2,15
1747348387.912068179,319013,19195,19,1,18
1747348387.912068179,319013,19197,19,0,18
1747348387.912068179,319013,19199,19,1,12
1747348387.912068179,319013,19201,19,1,12
1747348387.912068179,319013,19204,19,1,12
1747348387.912068179,319013,19206,19,3,10
1747348387.912068179,319013,19208,19,0,12
1747348387.912068179,319013,19209,19,2,12
1747348387.912068179,319013,19211,19,1,12
1747348387.912068179,319013,19213,19,3,11
end sample
1747348388.024430956,319013,19183,19,3,24
1747348388.024430956,319013,19185,19,2,25
1747348388.024430956,319013,19187,19,2,25
1747348388.024430956,319013,19190,19,1,26
1747348388.024430956,319013,19191,19,3,21
1747348388.024430956,319013,19193,19,2,25
1747348388.024430956,319013,19195,19,1,28
1747348388.024430956,319013,19197,19,1,28
1747348388.024430956,319013,19199,19,2,22
1747348388.024430956,319013,19201,19,2,21
1747348388.024430956,319013,19204,19,1,22
1747348388.024430956,319013,19206,19,3,20
1747348388.024430956,319013,19208,19,2,22
1747348388.024430956,319013,19209,19,2,21
1747348388.024430956,319013,19211,19,2,22
1747348388.024430956,319013,19213,19,3,21
end sample
1747348388.134901948,319013,19183,19,5,33
1747348388.134901948,319013,19185,19,3,34
1747348388.134901948,319013,19187,19,4,33
1747348388.134901948,319013,19190,19,2,36
1747348388.134901948,319013,19191,19,5,30
1747348388.134901948,319013,19193,19,3,35
1747348388.134901948,319013,19195,19,1,39
1747348388.134901948,319013,19197,19,3,37
1747348388.134901948,319013,19199,19,3,31
1747348388.134901948,319013,19201,19,5,29
1747348388.134901948,319013,19204,19,1,32
1747348388.134901948,319013,19206,19,3,30
1747348388.134901948,319013,19208,19,2,31
1747348388.134901948,319013,19209,19,3,31
1747348388.134901948,319013,19211,19,2,32
1747348388.134901948,319013,19213,19,3,31
end sample
1747348388.245271306,319013,19183,19,5,43
1747348388.245271306,319013,19185,19,6,43
1747348388.245271306,319013,19187,19,6,43
1747348388.245271306,319013,19190,19,3,46
1747348388.245271306,319013,19191,19,6,41
1747348388.245271306,319013,19193,19,5,44
1747348388.245271306,319013,19195,19,3,49
1747348388.245271306,319013,19197,19,4,47
1747348388.245271306,319013,19199,19,5,40
1747348388.245271306,319013,19201,19,5,40
1747348388.245271306,319013,19204,19,3,41
1747348388.245271306,319013,19206,19,4,40
1747348388.245271306,319013,19208,19,4,40
1747348388.245271306,319013,19209,19,3,41
1747348388.245271306,319013,19211,19,3,41
1747348388.245271306,319013,19213,19,4,40
end sample
1747348388.356193217,319013,19183,19,7,52
1747348388.356193217,319013,19185,19,7,52
1747348388.356193217,319013,19187,19,7,53
1747348388.356193217,319013,19190,19,5,54
1747348388.356193217,319013,19191,19,6,51
1747348388.356193217,319013,19193,19,6,54
1747348388.356193217,319013,19195,19,5,57
1747348388.356193217,319013,19197,19,5,56
1747348388.356193217,319013,19199,19,5,50
1747348388.356193217,319013,19201,19,6,49
1747348388.356193217,319013,19204,19,5,50
1747348388.356193217,319013,19206,19,5,50
1747348388.356193217,319013,19208,19,5,49
1747348388.356193217,319013,19209,19,4,51
1747348388.356193217,319013,19211,19,4,51
1747348388.356193217,319013,19213,19,6,50
end sample
1747348388.468726853,319013,19183,19,8,60
1747348388.468726853,319013,19185,19,7,61
1747348388.468726853,319013,19187,19,7,61
1747348388.468726853,319013,19190,19,7,61
1747348388.468726853,319013,19191,19,7,59
1747348388.468726853,319013,19193,19,6,62
1747348388.468726853,319013,19195,19,6,65
1747348388.468726853,319013,19197,19,6,64
1747348388.468726853,319013,19199,19,5,58
1747348388.468726853,319013,19201,19,6,58
1747348388.468726853,319013,19204,19,6,58
1747348388.468726853,319013,19206,19,6,57
1747348388.468726853,319013,19208,19,6,58
1747348388.468726853,319013,19209,19,4,60
1747348388.468726853,319013,19211,19,6,57
1747348388.468726853,319013,19213,19,6,58
end sample
1747348388.582875343,319013,19183,19,9,69
1747348388.582875343,319013,19185,19,8,70
1747348388.582875343,319013,19187,19,8,70
1747348388.582875343,319013,19190,19,8,70
1747348388.582875343,319013,19191,19,8,69
1747348388.582875343,319013,19193,19,7,72
1747348388.582875343,319013,19195,19,7,75
1747348388.582875343,319013,19197,19,6,74
1747348388.582875343,319013,19199,19,6,68
1747348388.582875343,319013,19201,19,6,67
1747348388.582875343,319013,19204,19,6,67
1747348388.582875343,319013,19206,19,6,67
1747348388.582875343,319013,19208,19,8,66
1747348388.582875343,319013,19209,19,5,69
1747348388.582875343,319013,19211,19,6,66
1747348388.582875343,319013,19213,19,6,68
end sample
1747348388.694660167,319013,19183,19,9,79
1747348388.694660167,319013,19185,19,10,79
1747348388.694660167,319013,19187,19,10,79
1747348388.694660167,319013,19190,19,10,78
1747348388.694660167,319013,19191,19,8,79
1747348388.694660167,319013,19193,19,7,82
1747348388.694660167,319013,19195,19,7,83
1747348388.694660167,319013,19197,19,9,82
1747348388.694660167,319013,19199,19,7,77
1747348388.694660167,319013,19201,19,8,76
1747348388.694660167,319013,19204,19,7,77
1747348388.694660167,319013,19206,19,7,76
1747348388.694660167,319013,19208,19,10,74
1747348388.694660167,319013,19209,19,7,77
1747348388.694660167,319013,19211,19,6,76
1747348388.694660167,319013,19213,19,7,76
end sample
1747348388.804249938,319013,19183,19,10,90
1747348388.804249938,319013,19185,19,11,89
1747348388.804249938,319013,19187,19,12,87
1747348388.804249938,319013,19190,19,10,89
1747348388.804249938,319013,19191,19,9,88
1747348388.804249938,319013,19193,19,7,93
1747348388.804249938,319013,19195,19,8,94
1747348388.804249938,319013,19197,19,10,92
1747348388.804249938,319013,19199,19,8,87
1747348388.804249938,319013,19201,19,8,87
1747348388.804249938,319013,19204,19,8,86
1747348388.804249938,319013,19206,19,8,86
1747348388.804249938,319013,19208,19,11,84
1747348388.804249938,319013,19209,19,9,87
1747348388.804249938,319013,19211,19,8,86
1747348388.804249938,319013,19213,19,10,85
end sample
1747348388.913646649,319013,19183,19,12,98
1747348388.913646649,319013,19185,19,13,97
1747348388.913646649,319013,19187,19,13,97
1747348388.913646649,319013,19190,19,10,100
1747348388.913646649,319013,19191,19,10,98
1747348388.913646649,319013,19193,19,8,103
1747348388.913646649,319013,19195,19,9,104
1747348388.913646649,319013,19197,19,12,100
1747348388.913646649,319013,19199,19,8,97
1747348388.913646649,319013,19201,19,8,97
1747348388.913646649,319013,19204,19,9,96
1747348388.913646649,319013,19206,19,10,94
1747348388.913646649,319013,19208,19,12,93
1747348388.913646649,319013,19209,19,10,95
1747348388.913646649,319013,19211,19,8,96
1747348388.913646649,319013,19213,19,11,94
end sample
1747348389.021716250,319013,19183,19,13,107
1747348389.021716250,319013,19185,19,13,107
1747348389.021716250,319013,19187,19,13,106
1747348389.021716250,319013,19190,19,10,110
1747348389.021716250,319013,19191,19,11,107
1747348389.021716250,319013,19193,19,9,111
1747348389.021716250,319013,19195,19,10,112
1747348389.021716250,319013,19197,19,13,109
1747348389.021716250,319013,19199,19,10,106
1747348389.021716250,319013,19201,19,9,107
1747348389.021716250,319013,19204,19,10,105
1747348389.021716250,319013,19206,19,12,103
1747348389.021716250,319013,19208,19,13,102
1747348389.021716250,319013,19209,19,11,105
1747348389.021716250,319013,19211,19,9,105
1747348389.021716250,319013,19213,19,12,103
end sample
1747348389.130564692,319013,19183,19,14,116
1747348389.130564692,319013,19185,19,14,117
1747348389.130564692,319013,19187,19,14,116
1747348389.130564692,319013,19190,19,10,119
1747348389.130564692,319013,19191,19,12,116
1747348389.130564692,319013,19193,19,10,121
1747348389.130564692,319013,19195,19,11,122
1747348389.130564692,319013,19197,19,15,118
1747348389.130564692,319013,19199,19,12,114
1747348389.130564692,319013,19201,19,10,116
1747348389.130564692,319013,19204,19,12,114
1747348389.130564692,319013,19206,19,13,113
1747348389.130564692,319013,19208,19,14,112
1747348389.130564692,319013,19209,19,12,115
1747348389.130564692,319013,19211,19,11,113
1747348389.130564692,319013,19213,19,13,113
end sample
1747348389.236741764,319013,19183,19,14,126
1747348389.236741764,319013,19185,19,16,125
1747348389.236741764,319013,19187,19,15,125
1747348389.236741764,319013,19190,19,12,128
1747348389.236741764,319013,19191,19,13,126
1747348389.236741764,319013,19193,19,11,131
1747348389.236741764,319013,19195,19,13,131
1747348389.236741764,319013,19197,19,15,128
1747348389.236741764,319013,19199,19,12,124
1747348389.236741764,319013,19201,19,13,123
1747348389.236741764,319013,19204,19,14,122
1747348389.236741764,319013,19206,19,15,121
1747348389.236741764,319013,19208,19,15,121
1747348389.236741764,319013,19209,19,13,123
1747348389.236741764,319013,19211,19,13,121
1747348389.236741764,319013,19213,19,14,122
end sample
Time: 13.288
# Starvation test complete
