=== Scheduler Starvation Test ===
# Logical CPUs: 16
# CLK_TCK: 100

# Starting high-priority load (nice -10)

# Starting victim group (nice 19)
Running in process mode with 32 groups using 8 file descriptors each (== 256 tasks)
Each sender will pass 120000 messages of 512 bytes
Running in process mode with 2 groups using 8 file descriptors each (== 16 tasks)
Each sender will pass 120000 messages of 512 bytes
# High-priority PIDs: 256
# Victim PIDs: 16
# Total PIDs being logged: 272
timestamp,starttime,pid,nice,utime,stime
Start logging...
1747347714.610719225,252518,14609,-10,3,19
1747347714.610719225,252518,14610,-10,3,19
1747347714.610719225,252518,14612,-10,4,18
1747347714.610719225,252518,14614,-10,6,16
1747347714.610719225,252518,14616,-10,3,18
1747347714.610719225,252518,14618,-10,4,16
1747347714.610719225,252518,14620,-10,3,17
1747347714.610719225,252518,14622,-10,4,17
1747347714.610719225,252518,14625,-10,6,17
1747347714.610719225,252518,14626,-10,3,20
1747347714.610719225,252518,14629,-10,2,21
1747347714.610719225,252518,14631,-10,3,19
1747347714.610719225,252518,14632,-10,2,18
1747347714.610719225,252518,14635,-10,3,18
1747347714.610719225,252518,14637,-10,4,17
1747347714.610719225,252518,14639,-10,2,18
1747347714.610719225,252518,14641,-10,4,21
1747347714.610719225,252518,14642,-10,1,24
1747347714.610719225,252518,14643,-10,3,22
1747347714.610719225,252518,14644,-10,2,23
1747347714.610719225,252518,14645,-10,2,20
1747347714.610719225,252518,14646,-10,1,22
1747347714.610719225,252518,14647,-10,0,22
1747347714.610719225,252518,14648,-10,2,21
1747347714.610719225,252518,14649,-10,2,24
1747347714.610719225,252518,14650,-10,2,25
1747347714.610719225,252518,14651,-10,1,25
1747347714.610719225,252518,14652,-10,1,26
1747347714.610719225,252518,14653,-10,1,23
1747347714.610719225,252518,14654,-10,3,21
1747347714.610719225,252518,14655,-10,2,22
1747347714.610719225,252518,14656,-10,1,23
1747347714.610719225,252518,14657,-10,3,20
1747347714.610719225,252518,14658,-10,2,22
1747347714.610719225,252518,14659,-10,2,22
1747347714.610719225,252518,14660,-10,3,21
1747347714.610719225,252518,14661,-10,2,19
1747347714.610719225,252518,14662,-10,2,19
1747347714.610719225,252518,14663,-10,2,19
1747347714.610719225,252518,14664,-10,4,17
1747347714.610719225,252518,14665,-10,2,21
1747347714.610719225,252518,14666,-10,1,21
1747347714.610719225,252518,14667,-10,2,20
1747347714.610719225,252518,14668,-10,3,19
1747347714.610719225,252518,14669,-10,3,17
1747347714.610719225,252518,14670,-10,2,18
1747347714.610719225,252518,14671,-10,2,18
1747347714.610719225,252518,14672,-10,3,17
1747347714.610719225,252518,14673,-10,5,21
1747347714.610719225,252518,14674,-10,4,23
1747347714.610719225,252518,14675,-10,3,24
1747347714.610719225,252518,14676,-10,4,22
1747347714.610719225,252518,14677,-10,3,21
1747347714.610719225,252518,14678,-10,3,21
1747347714.610719225,252518,14679,-10,6,18
1747347714.610719225,252518,14680,-10,3,22
1747347714.610719225,252518,14681,-10,6,19
1747347714.610719225,252518,14682,-10,5,19
1747347714.610719225,252518,14683,-10,4,22
1747347714.610719225,252518,14684,-10,5,21
1747347714.610719225,252518,14685,-10,4,20
1747347714.610719225,252518,14686,-10,4,21
1747347714.610719225,252518,14687,-10,5,19
1747347714.610719225,252518,14688,-10,3,20
1747347714.610719225,252518,14689,-10,3,21
1747347714.610719225,252518,14690,-10,4,20
1747347714.610719225,252518,14691,-10,7,18
1747347714.610719225,252518,14692,-10,5,20
1747347714.610719225,252518,14693,-10,3,20
1747347714.610719225,252518,14694,-10,4,19
1747347714.610719225,252518,14695,-10,2,21
1747347714.610719225,252518,14696,-10,4,18
1747347714.610719225,252518,14697,-10,3,22
1747347714.610719225,252518,14698,-10,3,21
1747347714.610719225,252518,14699,-10,4,20
1747347714.610719225,252518,14700,-10,4,20
1747347714.610719225,252518,14701,-10,6,16
1747347714.610719225,252518,14702,-10,5,17
1747347714.610719225,252518,14703,-10,3,19
1747347714.610719225,252518,14704,-10,3,19
1747347714.610719225,252518,14705,-10,4,21
1747347714.610719225,252518,14706,-10,1,23
1747347714.610719225,252518,14707,-10,2,23
1747347714.610719225,252518,14708,-10,2,22
1747347714.610719225,252518,14709,-10,0,22
1747347714.610719225,252518,14710,-10,1,21
1747347714.610719225,252518,14711,-10,2,20
1747347714.610719225,252518,14712,-10,3,19
1747347714.610719225,252518,14713,-10,3,21
1747347714.610719225,252518,14714,-10,2,22
1747347714.610719225,252518,14715,-10,4,20
1747347714.610719225,252518,14716,-10,3,21
1747347714.610719225,252518,14717,-10,3,18
1747347714.610719225,252518,14718,-10,3,19
1747347714.610719225,252518,14719,-10,6,16
1747347714.610719225,252518,14720,-10,3,18
1747347714.610719225,252518,14721,-10,4,19
1747347714.610719225,252518,14722,-10,4,19
1747347714.610719225,252518,14723,-10,5,18
1747347714.610719225,252518,14724,-10,5,18
1747347714.610719225,252518,14725,-10,2,18
1747347714.610719225,252518,14726,-10,4,17
1747347714.610719225,252518,14727,-10,4,17
1747347714.610719225,252518,14728,-10,4,17
1747347714.610719225,252518,14729,-10,4,22
1747347714.610719225,252518,14730,-10,1,25
1747347714.610719225,252518,14731,-10,5,21
1747347714.610719225,252518,14732,-10,4,23
1747347714.610719225,252518,14733,-10,3,21
1747347714.610719225,252518,14734,-10,4,19
1747347714.610719225,252518,14735,-10,6,18
1747347714.610719225,252518,14736,-10,5,18
1747347714.610719225,252518,14737,-10,4,19
1747347714.610719225,252518,14738,-10,1,21
1747347714.610719225,252518,14739,-10,2,21
1747347714.610719225,252518,14740,-10,4,19
1747347714.610719225,252518,14741,-10,2,18
1747347714.610719225,252518,14742,-10,3,17
1747347714.610719225,252518,14743,-10,3,18
1747347714.610719225,252518,14744,-10,4,16
1747347714.610719225,252518,14745,-10,0,23
1747347714.610719225,252518,14746,-10,3,22
1747347714.610719225,252518,14747,-10,3,23
1747347714.610719225,252518,14748,-10,2,23
1747347714.610719225,252518,14749,-10,2,20
1747347714.610719225,252518,14750,-10,2,20
1747347714.610719225,252518,14751,-10,2,20
1747347714.610719225,252518,14752,-10,1,22
1747347714.610719225,252518,14753,-10,2,23
1747347714.610719225,252518,14754,-10,2,22
1747347714.610719225,252518,14755,-10,2,23
1747347714.610719225,252518,14756,-10,1,24
1747347714.610719225,252518,14757,-10,2,20
1747347714.610719225,252518,14758,-10,2,20
1747347714.610719225,252518,14759,-10,3,19
1747347714.610719225,252518,14760,-10,2,20
1747347714.610719225,252518,14761,-10,2,21
1747347714.610719225,252518,14762,-10,2,20
1747347714.610719225,252518,14763,-10,2,20
1747347714.610719225,252518,14764,-10,3,20
1747347714.610719225,252518,14765,-10,2,18
1747347714.610719225,252518,14766,-10,2,18
1747347714.610719225,252518,14767,-10,5,15
1747347714.610719225,252518,14768,-10,3,17
1747347714.610719225,252518,14769,-10,2,30
1747347714.610719225,252518,14770,-10,5,27
1747347714.610719225,252518,14771,-10,3,29
1747347714.610719225,252518,14772,-10,3,30
1747347714.610719225,252518,14773,-10,2,28
1747347714.610719225,252519,14774,-10,4,26
1747347714.610719225,252519,14775,-10,1,29
1747347714.610719225,252519,14776,-10,2,28
1747347714.610719225,252519,14777,-10,2,24
1747347714.610719225,252519,14778,-10,1,25
1747347714.610719225,252519,14779,-10,2,24
1747347714.610719225,252519,14780,-10,2,24
1747347714.610719225,252519,14781,-10,2,20
1747347714.610719225,252519,14782,-10,3,20
1747347714.610719225,252519,14783,-10,2,21
1747347714.610719225,252519,14784,-10,2,22
1747347714.610719225,252519,14785,-10,2,24
1747347714.610719225,252519,14786,-10,2,23
1747347714.610719225,252519,14787,-10,2,23
1747347714.610719225,252519,14788,-10,2,23
1747347714.610719225,252519,14789,-10,3,19
1747347714.610719225,252519,14790,-10,2,20
1747347714.610719225,252519,14791,-10,1,21
1747347714.610719225,252519,14792,-10,1,21
1747347714.610719225,252519,14793,-10,4,20
1747347714.610719225,252519,14794,-10,4,20
1747347714.610719225,252519,14795,-10,4,20
1747347714.610719225,252519,14796,-10,4,20
1747347714.610719225,252519,14797,-10,5,17
1747347714.610719225,252519,14798,-10,4,18
1747347714.610719225,252519,14799,-10,3,19
1747347714.610719225,252519,14800,-10,4,18
1747347714.610719225,252519,14801,-10,1,25
1747347714.610719225,252519,14802,-10,2,24
1747347714.610719225,252519,14803,-10,2,25
1747347714.610719225,252519,14804,-10,1,26
1747347714.610719225,252519,14805,-10,1,23
1747347714.610719225,252519,14806,-10,2,22
1747347714.610719225,252519,14807,-10,2,23
1747347714.610719225,252519,14808,-10,2,22
1747347714.610719225,252519,14809,-10,3,24
1747347714.610719225,252519,14810,-10,6,22
1747347714.610719225,252519,14811,-10,6,22
1747347714.610719225,252519,14812,-10,6,22
1747347714.610719225,252519,14813,-10,5,21
1747347714.610719225,252519,14814,-10,4,21
1747347714.610719225,252519,14815,-10,6,20
1747347714.610719225,252519,14816,-10,5,20
1747347714.610719225,252519,14817,-10,1,26
1747347714.610719225,252519,14818,-10,2,24
1747347714.610719225,252519,14819,-10,1,25
1747347714.610719225,252519,14820,-10,3,23
1747347714.610719225,252519,14821,-10,3,20
1747347714.610719225,252519,14822,-10,3,21
1747347714.610719225,252519,14823,-10,3,20
1747347714.610719225,252519,14824,-10,2,21
1747347714.610719225,252519,14825,-10,8,21
1747347714.610719225,252519,14826,-10,6,23
1747347714.610719225,252519,14827,-10,5,23
1747347714.610719225,252519,14828,-10,4,25
1747347714.610719225,252519,14829,-10,5,21
1747347714.610719225,252519,14830,-10,7,19
1747347714.610719225,252519,14831,-10,5,20
1747347714.610719225,252519,14832,-10,5,21
1747347714.610719225,252519,14833,-10,3,25
1747347714.610719225,252519,14834,-10,7,22
1747347714.610719225,252519,14835,-10,5,23
1747347714.610719225,252519,14836,-10,4,25
1747347714.610719225,252519,14837,-10,6,21
1747347714.610719225,252519,14838,-10,5,22
1747347714.610719225,252519,14839,-10,6,20
1747347714.610719225,252519,14840,-10,4,23
1747347714.610719225,252519,14841,-10,2,23
1747347714.610719225,252519,14842,-10,1,24
1747347714.610719225,252519,14843,-10,3,23
1747347714.610719225,252519,14844,-10,2,24
1747347714.610719225,252519,14845,-10,2,21
1747347714.610719225,252519,14846,-10,2,21
1747347714.610719225,252519,14847,-10,1,21
1747347714.610719225,252519,14848,-10,0,23
1747347714.610719225,252519,14849,-10,7,21
1747347714.610719225,252519,14850,-10,3,25
1747347714.610719225,252519,14851,-10,5,24
1747347714.610719225,252519,14852,-10,5,23
1747347714.610719225,252519,14853,-10,4,21
1747347714.610719225,252519,14854,-10,6,20
1747347714.610719225,252519,14855,-10,6,20
1747347714.610719225,252519,14856,-10,3,23
1747347714.610719225,252519,14857,-10,1,26
1747347714.610719225,252519,14858,-10,3,25
1747347714.610719225,252519,14859,-10,4,24
1747347714.610719225,252519,14860,-10,4,24
1747347714.610719225,252519,14861,-10,1,24
1747347714.610719225,252519,14862,-10,1,24
1747347714.610719225,252519,14863,-10,3,22
1747347714.610719225,252519,14864,-10,2,23
1747347714.610719225,252519,14865,-10,4,24
1747347714.610719225,252519,14866,-10,4,23
1747347714.610719225,252519,14867,-10,7,21
1747347714.610719225,252519,14868,-10,5,22
1747347714.610719225,252519,14869,-10,3,22
1747347714.610719225,252519,14870,-10,6,20
1747347714.610719225,252519,14871,-10,3,23
1747347714.610719225,252519,14872,-10,3,22
1747347714.610719225,252519,14873,-10,2,26
1747347714.610719225,252519,14874,-10,2,26
1747347714.610719225,252519,14875,-10,3,25
1747347714.610719225,252519,14876,-10,1,27
1747347714.610719225,252519,14877,-10,3,22
1747347714.610719225,252519,14878,-10,2,23
1747347714.610719225,252519,14879,-10,2,22
1747347714.610719225,252519,14880,-10,2,23
1747347714.610719225,252518,14611,19,0,2
1747347714.610719225,252518,14613,19,1,0
1747347714.610719225,252518,14615,19,0,1
1747347714.610719225,252518,14617,19,0,1
1747347714.610719225,252518,14619,19,0,1
1747347714.610719225,252518,14621,19,0,4
1747347714.610719225,252518,14623,19,0,0
1747347714.610719225,252518,14624,19,0,1
1747347714.610719225,252518,14627,19,0,1
1747347714.610719225,252518,14628,19,0,1
1747347714.610719225,252518,14630,19,0,1
1747347714.610719225,252518,14633,19,0,1
1747347714.610719225,252518,14634,19,0,0
1747347714.610719225,252518,14636,19,0,1
1747347714.610719225,252518,14638,19,0,1
1747347714.610719225,252518,14640,19,0,1
end sample
1747347716.189458408,252518,14609,-10,5,28
1747347716.189458408,252518,14610,-10,5,29
1747347716.189458408,252518,14612,-10,7,27
1747347716.189458408,252518,14614,-10,7,26
1747347716.189458408,252518,14616,-10,4,27
1747347716.189458408,252518,14618,-10,6,25
1747347716.189458408,252518,14620,-10,4,28
1747347716.189458408,252518,14622,-10,6,26
1747347716.189458408,252518,14625,-10,7,27
1747347716.189458408,252518,14626,-10,3,30
1747347716.189458408,252518,14629,-10,4,30
1747347716.189458408,252518,14631,-10,6,28
1747347716.189458408,252518,14632,-10,3,28
1747347716.189458408,252518,14635,-10,6,26
1747347716.189458408,252518,14637,-10,6,25
1747347716.189458408,252518,14639,-10,5,28
1747347716.189458408,252518,14641,-10,5,34
1747347716.189458408,252518,14642,-10,2,36
1747347716.189458408,252518,14643,-10,3,35
1747347716.189458408,252518,14644,-10,2,36
1747347716.189458408,252518,14645,-10,3,32
1747347716.189458408,252518,14646,-10,3,33
1747347716.189458408,252518,14647,-10,1,34
1747347716.189458408,252518,14648,-10,5,31
1747347716.189458408,252518,14649,-10,3,36
1747347716.189458408,252518,14650,-10,2,38
1747347716.189458408,252518,14651,-10,1,38
1747347716.189458408,252518,14652,-10,2,37
1747347716.189458408,252518,14653,-10,2,34
1747347716.189458408,252518,14654,-10,4,32
1747347716.189458408,252518,14655,-10,4,32
1747347716.189458408,252518,14656,-10,4,32
1747347716.189458408,252518,14657,-10,4,33
1747347716.189458408,252518,14658,-10,3,34
1747347716.189458408,252518,14659,-10,3,35
1747347716.189458408,252518,14660,-10,5,32
1747347716.189458408,252518,14661,-10,4,30
1747347716.189458408,252518,14662,-10,3,31
1747347716.189458408,252518,14663,-10,3,30
1747347716.189458408,252518,14664,-10,4,30
1747347716.189458408,252518,14665,-10,3,31
1747347716.189458408,252518,14666,-10,3,32
1747347716.189458408,252518,14667,-10,3,31
1747347716.189458408,252518,14668,-10,5,29
1747347716.189458408,252518,14669,-10,4,27
1747347716.189458408,252518,14670,-10,3,28
1747347716.189458408,252518,14671,-10,3,28
1747347716.189458408,252518,14672,-10,3,28
1747347716.189458408,252518,14673,-10,8,31
1747347716.189458408,252518,14674,-10,6,33
1747347716.189458408,252518,14675,-10,4,35
1747347716.189458408,252518,14676,-10,6,33
1747347716.189458408,252518,14677,-10,5,31
1747347716.189458408,252518,14678,-10,4,32
1747347716.189458408,252518,14679,-10,9,27
1747347716.189458408,252518,14680,-10,8,29
1747347716.189458408,252518,14681,-10,9,29
1747347716.189458408,252518,14682,-10,8,29
1747347716.189458408,252518,14683,-10,5,33
1747347716.189458408,252518,14684,-10,8,30
1747347716.189458408,252518,14685,-10,7,29
1747347716.189458408,252518,14686,-10,7,29
1747347716.189458408,252518,14687,-10,8,28
1747347716.189458408,252518,14688,-10,5,30
1747347716.189458408,252518,14689,-10,7,29
1747347716.189458408,252518,14690,-10,6,30
1747347716.189458408,252518,14691,-10,7,29
1747347716.189458408,252518,14692,-10,7,30
1747347716.189458408,252518,14693,-10,5,28
1747347716.189458408,252518,14694,-10,7,28
1747347716.189458408,252518,14695,-10,4,30
1747347716.189458408,252518,14696,-10,7,26
1747347716.189458408,252518,14697,-10,8,30
1747347716.189458408,252518,14698,-10,6,31
1747347716.189458408,252518,14699,-10,6,31
1747347716.189458408,252518,14700,-10,5,31
1747347716.189458408,252518,14701,-10,8,26
1747347716.189458408,252518,14702,-10,8,25
1747347716.189458408,252518,14703,-10,6,31
1747347716.189458408,252518,14704,-10,7,31
1747347716.189458408,252518,14705,-10,7,36
1747347716.189458408,252518,14706,-10,2,40
1747347716.189458408,252518,14707,-10,3,39
1747347716.189458408,252518,14708,-10,5,37
1747347716.189458408,252518,14709,-10,1,37
1747347716.189458408,252518,14710,-10,3,35
1747347716.189458408,252518,14711,-10,4,35
1747347716.189458408,252518,14712,-10,4,35
1747347716.189458408,252518,14713,-10,6,35
1747347716.189458408,252518,14714,-10,7,35
1747347716.189458408,252518,14715,-10,7,34
1747347716.189458408,252518,14716,-10,6,36
1747347716.189458408,252518,14717,-10,5,34
1747347716.189458408,252518,14718,-10,7,32
1747347716.189458408,252518,14719,-10,8,32
1747347716.189458408,252518,14720,-10,6,33
1747347716.189458408,252518,14721,-10,8,33
1747347716.189458408,252518,14722,-10,9,32
1747347716.189458408,252518,14723,-10,9,33
1747347716.189458408,252518,14724,-10,8,33
1747347716.189458408,252518,14725,-10,5,33
1747347716.189458408,252518,14726,-10,6,31
1747347716.189458408,252518,14727,-10,6,31
1747347716.189458408,252518,14728,-10,6,31
1747347716.189458408,252518,14729,-10,7,36
1747347716.189458408,252518,14730,-10,4,39
1747347716.189458408,252518,14731,-10,9,35
1747347716.189458408,252518,14732,-10,6,38
1747347716.189458408,252518,14733,-10,9,33
1747347716.189458408,252518,14734,-10,7,34
1747347716.189458408,252518,14735,-10,9,33
1747347716.189458408,252518,14736,-10,10,31
1747347716.189458408,252518,14737,-10,7,30
1747347716.189458408,252518,14738,-10,5,32
1747347716.189458408,252518,14739,-10,4,32
1747347716.189458408,252518,14740,-10,7,31
1747347716.189458408,252518,14741,-10,4,29
1747347716.189458408,252518,14742,-10,6,27
1747347716.189458408,252518,14743,-10,5,30
1747347716.189458408,252518,14744,-10,8,26
1747347716.189458408,252518,14745,-10,3,39
1747347716.189458408,252518,14746,-10,4,38
1747347716.189458408,252518,14747,-10,4,38
1747347716.189458408,252518,14748,-10,3,38
1747347716.189458408,252518,14749,-10,3,35
1747347716.189458408,252518,14750,-10,4,33
1747347716.189458408,252518,14751,-10,4,34
1747347716.189458408,252518,14752,-10,3,35
1747347716.189458408,252518,14753,-10,3,38
1747347716.189458408,252518,14754,-10,3,38
1747347716.189458408,252518,14755,-10,4,37
1747347716.189458408,252518,14756,-10,1,40
1747347716.189458408,252518,14757,-10,3,34
1747347716.189458408,252518,14758,-10,4,33
1747347716.189458408,252518,14759,-10,5,32
1747347716.189458408,252518,14760,-10,4,33
1747347716.189458408,252518,14761,-10,4,30
1747347716.189458408,252518,14762,-10,6,28
1747347716.189458408,252518,14763,-10,3,31
1747347716.189458408,252518,14764,-10,4,30
1747347716.189458408,252518,14765,-10,2,29
1747347716.189458408,252518,14766,-10,4,27
1747347716.189458408,252518,14767,-10,8,23
1747347716.189458408,252518,14768,-10,4,27
1747347716.189458408,252518,14769,-10,5,51
1747347716.189458408,252518,14770,-10,8,47
1747347716.189458408,252518,14771,-10,6,50
1747347716.189458408,252518,14772,-10,3,52
1747347716.189458408,252518,14773,-10,4,48
1747347716.189458408,252519,14774,-10,8,43
1747347716.189458408,252519,14775,-10,2,48
1747347716.189458408,252519,14776,-10,4,48
1747347716.189458408,252519,14777,-10,4,36
1747347716.189458408,252519,14778,-10,2,39
1747347716.189458408,252519,14779,-10,2,38
1747347716.189458408,252519,14780,-10,3,38
1747347716.189458408,252519,14781,-10,4,33
1747347716.189458408,252519,14782,-10,4,33
1747347716.189458408,252519,14783,-10,4,33
1747347716.189458408,252519,14784,-10,3,35
1747347716.189458408,252519,14785,-10,3,39
1747347716.189458408,252519,14786,-10,4,37
1747347716.189458408,252519,14787,-10,4,38
1747347716.189458408,252519,14788,-10,3,39
1747347716.189458408,252519,14789,-10,4,33
1747347716.189458408,252519,14790,-10,3,35
1747347716.189458408,252519,14791,-10,3,35
1747347716.189458408,252519,14792,-10,2,35
1747347716.189458408,252519,14793,-10,7,30
1747347716.189458408,252519,14794,-10,8,29
1747347716.189458408,252519,14795,-10,7,30
1747347716.189458408,252519,14796,-10,6,32
1747347716.189458408,252519,14797,-10,8,27
1747347716.189458408,252519,14798,-10,8,27
1747347716.189458408,252519,14799,-10,5,30
1747347716.189458408,252519,14800,-10,7,27
1747347716.189458408,252519,14801,-10,2,39
1747347716.189458408,252519,14802,-10,3,38
1747347716.189458408,252519,14803,-10,4,37
1747347716.189458408,252519,14804,-10,2,39
1747347716.189458408,252519,14805,-10,2,35
1747347716.189458408,252519,14806,-10,3,34
1747347716.189458408,252519,14807,-10,3,35
1747347716.189458408,252519,14808,-10,2,36
1747347716.189458408,252519,14809,-10,5,38
1747347716.189458408,252519,14810,-10,8,35
1747347716.189458408,252519,14811,-10,8,35
1747347716.189458408,252519,14812,-10,8,35
1747347716.189458408,252519,14813,-10,7,33
1747347716.189458408,252519,14814,-10,7,33
1747347716.189458408,252519,14815,-10,8,32
1747347716.189458408,252519,14816,-10,8,31
1747347716.189458408,252519,14817,-10,1,40
1747347716.189458408,252519,14818,-10,3,38
1747347716.189458408,252519,14819,-10,2,40
1747347716.189458408,252519,14820,-10,4,37
1747347716.189458408,252519,14821,-10,4,33
1747347716.189458408,252519,14822,-10,5,33
1747347716.189458408,252519,14823,-10,4,33
1747347716.189458408,252519,14824,-10,4,34
1747347716.189458408,252519,14825,-10,12,32
1747347716.189458408,252519,14826,-10,9,35
1747347716.189458408,252519,14827,-10,7,36
1747347716.189458408,252519,14828,-10,6,38
1747347716.189458408,252519,14829,-10,7,33
1747347716.189458408,252519,14830,-10,9,32
1747347716.189458408,252519,14831,-10,9,33
1747347716.189458408,252519,14832,-10,8,34
1747347716.189458408,252519,14833,-10,6,40
1747347716.189458408,252519,14834,-10,11,35
1747347716.189458408,252519,14835,-10,7,39
1747347716.189458408,252519,14836,-10,7,39
1747347716.189458408,252519,14837,-10,9,34
1747347716.189458408,252519,14838,-10,7,36
1747347716.189458408,252519,14839,-10,8,34
1747347716.189458408,252519,14840,-10,7,36
1747347716.189458408,252519,14841,-10,4,39
1747347716.189458408,252519,14842,-10,3,41
1747347716.189458408,252519,14843,-10,5,39
1747347716.189458408,252519,14844,-10,3,41
1747347716.189458408,252519,14845,-10,3,36
1747347716.189458408,252519,14846,-10,4,36
1747347716.189458408,252519,14847,-10,3,37
1747347716.189458408,252519,14848,-10,1,39
1747347716.189458408,252519,14849,-10,10,36
1747347716.189458408,252519,14850,-10,8,38
1747347716.189458408,252519,14851,-10,7,40
1747347716.189458408,252519,14852,-10,10,36
1747347716.189458408,252519,14853,-10,7,36
1747347716.189458408,252519,14854,-10,9,34
1747347716.189458408,252519,14855,-10,9,33
1747347716.189458408,252519,14856,-10,7,36
1747347716.189458408,252519,14857,-10,4,47
1747347716.189458408,252519,14858,-10,5,47
1747347716.189458408,252519,14859,-10,7,44
1747347716.189458408,252519,14860,-10,6,45
1747347716.189458408,252519,14861,-10,2,45
1747347716.189458408,252519,14862,-10,2,45
1747347716.189458408,252519,14863,-10,5,44
1747347716.189458408,252519,14864,-10,6,43
1747347716.189458408,252519,14865,-10,6,40
1747347716.189458408,252519,14866,-10,6,41
1747347716.189458408,252519,14867,-10,12,35
1747347716.189458408,252519,14868,-10,8,39
1747347716.189458408,252519,14869,-10,9,35
1747347716.189458408,252519,14870,-10,8,36
1747347716.189458408,252519,14871,-10,6,38
1747347716.189458408,252519,14872,-10,6,37
1747347716.189458408,252519,14873,-10,2,46
1747347716.189458408,252519,14874,-10,5,43
1747347716.189458408,252519,14875,-10,6,41
1747347716.189458408,252519,14876,-10,2,45
1747347716.189458408,252519,14877,-10,6,37
1747347716.189458408,252519,14878,-10,3,41
1747347716.189458408,252519,14879,-10,3,40
1747347716.189458408,252519,14880,-10,4,40
1747347716.189458408,252518,14611,19,0,2
1747347716.189458408,252518,14613,19,1,0
1747347716.189458408,252518,14615,19,0,1
1747347716.189458408,252518,14617,19,0,1
1747347716.189458408,252518,14619,19,0,1
1747347716.189458408,252518,14621,19,0,4
1747347716.189458408,252518,14623,19,0,0
1747347716.189458408,252518,14624,19,0,1
1747347716.189458408,252518,14627,19,0,1
1747347716.189458408,252518,14628,19,0,1
1747347716.189458408,252518,14630,19,0,1
1747347716.189458408,252518,14633,19,0,1
1747347716.189458408,252518,14634,19,0,0
1747347716.189458408,252518,14636,19,0,1
1747347716.189458408,252518,14638,19,0,1
1747347716.189458408,252518,14640,19,0,1
end sample
1747347719.330681758,252518,14609,-10,8,44
1747347719.330681758,252518,14610,-10,8,44
1747347719.330681758,252518,14612,-10,10,42
1747347719.330681758,252518,14614,-10,11,42
1747347719.330681758,252518,14616,-10,7,42
1747347719.330681758,252518,14618,-10,10,39
1747347719.330681758,252518,14620,-10,7,42
1747347719.330681758,252518,14622,-10,10,39
1747347719.330681758,252518,14625,-10,9,44
1747347719.330681758,252518,14626,-10,7,46
1747347719.330681758,252518,14629,-10,8,46
1747347719.330681758,252518,14631,-10,8,45
1747347719.330681758,252518,14632,-10,7,42
1747347719.330681758,252518,14635,-10,9,41
1747347719.330681758,252518,14637,-10,9,40
1747347719.330681758,252518,14639,-10,9,41
1747347719.330681758,252518,14641,-10,6,52
1747347719.330681758,252518,14642,-10,5,53
1747347719.330681758,252518,14643,-10,5,53
1747347719.330681758,252518,14644,-10,6,52
1747347719.330681758,252518,14645,-10,7,46
1747347719.330681758,252518,14647,-10,4,49
1747347719.330681758,252518,14648,-10,6,48
1747347719.330681758,252518,14649,-10,4,53
1747347719.330681758,252518,14650,-10,4,53
1747347719.330681758,252518,14651,-10,4,53
1747347719.330681758,252518,14652,-10,3,54
1747347719.330681758,252518,14653,-10,3,50
1747347719.330681758,252518,14654,-10,6,46
1747347719.330681758,252518,14655,-10,6,47
1747347719.330681758,252518,14656,-10,6,47
1747347719.330681758,252518,14657,-10,6,49
1747347719.330681758,252518,14658,-10,5,50
1747347719.330681758,252518,14659,-10,4,51
1747347719.330681758,252518,14660,-10,7,47
1747347719.330681758,252518,14661,-10,6,44
1747347719.330681758,252518,14662,-10,4,46
1747347719.330681758,252518,14663,-10,5,45
1747347719.330681758,252518,14664,-10,4,46
1747347719.330681758,252518,14665,-10,5,47
1747347719.330681758,252518,14666,-10,3,49
1747347719.330681758,252518,14667,-10,4,49
1747347719.330681758,252518,14668,-10,7,46
1747347719.330681758,252518,14669,-10,6,42
1747347719.330681758,252518,14670,-10,4,43
1747347719.330681758,252518,14671,-10,5,44
1747347719.330681758,252518,14672,-10,5,44
1747347719.330681758,252518,14673,-10,12,43
1747347719.330681758,252518,14674,-10,9,47
1747347719.330681758,252518,14675,-10,7,48
1747347719.330681758,252518,14676,-10,10,47
1747347719.330681758,252518,14677,-10,8,44
1747347719.330681758,252518,14678,-10,6,46
1747347719.330681758,252518,14679,-10,11,42
1747347719.330681758,252518,14680,-10,11,42
1747347719.330681758,252518,14681,-10,11,43
1747347719.330681758,252518,14682,-10,11,43
1747347719.330681758,252518,14683,-10,7,48
1747347719.330681758,252518,14684,-10,12,43
1747347719.330681758,252518,14685,-10,9,42
1747347719.330681758,252518,14686,-10,8,43
1747347719.330681758,252518,14687,-10,11,39
1747347719.330681758,252518,14688,-10,7,45
1747347719.330681758,252518,14689,-10,9,44
1747347719.330681758,252518,14690,-10,9,43
1747347719.330681758,252518,14691,-10,10,42
1747347719.330681758,252518,14692,-10,9,44
1747347719.330681758,252518,14693,-10,8,41
1747347719.330681758,252518,14694,-10,8,42
1747347719.330681758,252518,14695,-10,7,42
1747347719.330681758,252518,14696,-10,9,39
1747347719.330681758,252518,14697,-10,11,42
1747347719.330681758,252518,14698,-10,10,42
1747347719.330681758,252518,14699,-10,7,45
1747347719.330681758,252518,14700,-10,8,44
1747347719.330681758,252518,14701,-10,10,39
1747347719.330681758,252518,14702,-10,10,38
1747347719.330681758,252518,14703,-10,8,41
1747347719.330681758,252518,14704,-10,9,40
1747347719.330681758,252518,14705,-10,10,45
1747347719.330681758,252518,14706,-10,4,51
1747347719.330681758,252518,14707,-10,6,49
1747347719.330681758,252518,14708,-10,6,49
1747347719.330681758,252518,14709,-10,3,47
1747347719.330681758,252518,14710,-10,5,45
1747347719.330681758,252518,14711,-10,5,44
1747347719.330681758,252518,14712,-10,4,46
1747347719.330681758,252518,14713,-10,9,43
1747347719.330681758,252518,14714,-10,10,43
1747347719.330681758,252518,14715,-10,9,44
1747347719.330681758,252518,14716,-10,8,45
1747347719.330681758,252518,14717,-10,6,43
1747347719.330681758,252518,14718,-10,8,41
1747347719.330681758,252518,14719,-10,9,40
1747347719.330681758,252518,14720,-10,8,41
1747347719.330681758,252518,14721,-10,10,42
1747347719.330681758,252518,14722,-10,11,41
1747347719.330681758,252518,14723,-10,11,42
1747347719.330681758,252518,14724,-10,9,43
1747347719.330681758,252518,14725,-10,10,38
1747347719.330681758,252518,14726,-10,8,40
1747347719.330681758,252518,14727,-10,10,39
1747347719.330681758,252518,14728,-10,8,40
1747347719.330681758,252518,14729,-10,9,45
1747347719.330681758,252518,14730,-10,6,48
1747347719.330681758,252518,14731,-10,11,43
1747347719.330681758,252518,14732,-10,8,47
1747347719.330681758,252518,14733,-10,10,42
1747347719.330681758,252518,14734,-10,9,42
1747347719.330681758,252518,14735,-10,11,40
1747347719.330681758,252518,14736,-10,11,39
1747347719.330681758,252518,14737,-10,8,39
1747347719.330681758,252518,14738,-10,6,41
1747347719.330681758,252518,14739,-10,7,40
1747347719.330681758,252518,14740,-10,8,40
1747347719.330681758,252518,14741,-10,5,38
1747347719.330681758,252518,14742,-10,8,36
1747347719.330681758,252518,14743,-10,5,39
1747347719.330681758,252518,14744,-10,10,33
1747347719.330681758,252518,14745,-10,4,48
1747347719.330681758,252518,14746,-10,4,48
1747347719.330681758,252518,14747,-10,4,48
1747347719.330681758,252518,14748,-10,4,48
1747347719.330681758,252518,14749,-10,3,44
1747347719.330681758,252518,14750,-10,6,41
1747347719.330681758,252518,14751,-10,5,43
1747347719.330681758,252518,14752,-10,4,43
1747347719.330681758,252518,14753,-10,4,49
1747347719.330681758,252518,14754,-10,5,47
1747347719.330681758,252518,14755,-10,4,48
1747347719.330681758,252518,14756,-10,2,50
1747347719.330681758,252518,14757,-10,4,44
1747347719.330681758,252518,14758,-10,5,42
1747347719.330681758,252518,14759,-10,6,41
1747347719.330681758,252518,14760,-10,4,43
1747347719.330681758,252518,14761,-10,6,39
1747347719.330681758,252518,14762,-10,8,37
1747347719.330681758,252518,14763,-10,5,39
1747347719.330681758,252518,14764,-10,6,39
1747347719.330681758,252518,14765,-10,6,35
1747347719.330681758,252518,14766,-10,6,34
1747347719.330681758,252518,14767,-10,10,31
1747347719.330681758,252518,14768,-10,5,35
1747347719.330681758,252519,14777,-10,5,47
1747347719.330681758,252519,14778,-10,3,48
1747347719.330681758,252519,14779,-10,4,48
1747347719.330681758,252519,14780,-10,5,47
1747347719.330681758,252519,14781,-10,5,42
1747347719.330681758,252519,14782,-10,5,43
1747347719.330681758,252519,14783,-10,4,42
1747347719.330681758,252519,14784,-10,4,44
1747347719.330681758,252519,14785,-10,4,48
1747347719.330681758,252519,14786,-10,5,47
1747347719.330681758,252519,14787,-10,4,48
1747347719.330681758,252519,14788,-10,3,50
1747347719.330681758,252519,14789,-10,5,42
1747347719.330681758,252519,14790,-10,4,43
1747347719.330681758,252519,14791,-10,3,45
1747347719.330681758,252519,14792,-10,2,45
1747347719.330681758,252519,14793,-10,8,40
1747347719.330681758,252519,14794,-10,8,41
1747347719.330681758,252519,14795,-10,8,41
1747347719.330681758,252519,14796,-10,6,43
1747347719.330681758,252519,14797,-10,9,37
1747347719.330681758,252519,14798,-10,8,37
1747347719.330681758,252519,14799,-10,7,39
1747347719.330681758,252519,14800,-10,7,37
1747347719.330681758,252519,14801,-10,3,48
1747347719.330681758,252519,14802,-10,4,48
1747347719.330681758,252519,14803,-10,6,45
1747347719.330681758,252519,14804,-10,3,48
1747347719.330681758,252519,14805,-10,3,43
1747347719.330681758,252519,14806,-10,4,44
1747347719.330681758,252519,14807,-10,3,45
1747347719.330681758,252519,14808,-10,4,44
1747347719.330681758,252519,14809,-10,6,46
1747347719.330681758,252519,14810,-10,11,42
1747347719.330681758,252519,14811,-10,10,42
1747347719.330681758,252519,14812,-10,10,44
1747347719.330681758,252519,14813,-10,9,40
1747347719.330681758,252519,14814,-10,8,42
1747347719.330681758,252519,14815,-10,8,41
1747347719.330681758,252519,14816,-10,9,40
1747347719.330681758,252519,14817,-10,2,50
1747347719.330681758,252519,14818,-10,3,48
1747347719.330681758,252519,14819,-10,4,49
1747347719.330681758,252519,14820,-10,5,47
1747347719.330681758,252519,14821,-10,5,42
1747347719.330681758,252519,14822,-10,5,42
1747347719.330681758,252519,14823,-10,5,42
1747347719.330681758,252519,14824,-10,4,42
1747347719.330681758,252519,14825,-10,13,40
1747347719.330681758,252519,14826,-10,12,41
1747347719.330681758,252519,14827,-10,8,45
1747347719.330681758,252519,14828,-10,8,45
1747347719.330681758,252519,14829,-10,9,40
1747347719.330681758,252519,14830,-10,11,38
1747347719.330681758,252519,14831,-10,9,40
1747347719.330681758,252519,14832,-10,10,39
1747347719.330681758,252519,14833,-10,7,46
1747347719.330681758,252519,14834,-10,13,40
1747347719.330681758,252519,14835,-10,8,45
1747347719.330681758,252519,14836,-10,8,45
1747347719.330681758,252519,14837,-10,11,39
1747347719.330681758,252519,14838,-10,8,42
1747347719.330681758,252519,14839,-10,9,40
1747347719.330681758,252519,14840,-10,7,43
1747347719.330681758,252519,14841,-10,4,47
1747347719.330681758,252519,14842,-10,3,48
1747347719.330681758,252519,14843,-10,6,46
1747347719.330681758,252519,14844,-10,3,48
1747347719.330681758,252519,14845,-10,3,43
1747347719.330681758,252519,14846,-10,6,41
1747347719.330681758,252519,14847,-10,3,44
1747347719.330681758,252519,14848,-10,1,46
1747347719.330681758,252519,14849,-10,11,42
1747347719.330681758,252519,14850,-10,9,45
1747347719.330681758,252519,14851,-10,7,47
1747347719.330681758,252519,14852,-10,12,42
1747347719.330681758,252519,14853,-10,9,41
1747347719.330681758,252519,14854,-10,11,39
1747347719.330681758,252519,14855,-10,9,40
1747347719.330681758,252519,14856,-10,7,43
1747347719.330681758,252519,14857,-10,4,55
1747347719.330681758,252519,14858,-10,6,53
1747347719.330681758,252519,14859,-10,7,52
1747347719.330681758,252519,14860,-10,7,52
1747347719.330681758,252519,14861,-10,3,51
1747347719.330681758,252519,14862,-10,3,51
1747347719.330681758,252519,14863,-10,5,49
1747347719.330681758,252519,14864,-10,6,48
1747347719.330681758,252519,14865,-10,7,45
1747347719.330681758,252519,14866,-10,6,46
1747347719.330681758,252519,14867,-10,15,38
1747347719.330681758,252519,14868,-10,10,43
1747347719.330681758,252519,14869,-10,10,40
1747347719.330681758,252519,14870,-10,8,41
1747347719.330681758,252519,14871,-10,8,42
1747347719.330681758,252519,14872,-10,7,42
1747347719.330681758,252519,14873,-10,3,50
1747347719.330681758,252519,14874,-10,6,47
1747347719.330681758,252519,14875,-10,7,46
1747347719.330681758,252519,14876,-10,3,50
1747347719.330681758,252519,14877,-10,6,42
1747347719.330681758,252519,14878,-10,3,45
1747347719.330681758,252519,14879,-10,3,45
1747347719.330681758,252519,14880,-10,4,44
1747347719.330681758,252518,14611,19,0,2
1747347719.330681758,252518,14613,19,1,0
1747347719.330681758,252518,14615,19,0,1
1747347719.330681758,252518,14617,19,0,1
1747347719.330681758,252518,14619,19,0,1
1747347719.330681758,252518,14621,19,0,4
1747347719.330681758,252518,14623,19,0,0
1747347719.330681758,252518,14624,19,0,1
1747347719.330681758,252518,14627,19,0,1
1747347719.330681758,252518,14628,19,0,1
1747347719.330681758,252518,14630,19,0,1
1747347719.330681758,252518,14633,19,0,1
1747347719.330681758,252518,14634,19,0,0
1747347719.330681758,252518,14636,19,0,1
1747347719.330681758,252518,14638,19,0,1
1747347719.330681758,252518,14640,19,0,1
end sample
1747347720.203139809,252518,14609,-10,10,50
1747347720.203139809,252518,14610,-10,9,52
1747347720.203139809,252518,14612,-10,12,48
1747347720.203139809,252518,14614,-10,11,50
1747347720.203139809,252518,14616,-10,8,48
1747347720.203139809,252518,14618,-10,11,46
1747347720.203139809,252518,14620,-10,8,48
1747347720.203139809,252518,14622,-10,13,44
1747347720.203139809,252518,14625,-10,10,51
1747347720.203139809,252518,14626,-10,9,52
1747347720.203139809,252518,14629,-10,10,52
1747347720.203139809,252518,14631,-10,8,52
1747347720.203139809,252518,14632,-10,9,48
1747347720.203139809,252518,14635,-10,10,48
1747347720.203139809,252518,14637,-10,11,45
1747347720.203139809,252518,14639,-10,10,46
1747347720.203139809,252518,14657,-10,8,56
1747347720.203139809,252518,14658,-10,5,59
1747347720.203139809,252518,14659,-10,5,59
1747347720.203139809,252518,14660,-10,8,56
1747347720.203139809,252518,14661,-10,7,55
1747347720.203139809,252518,14662,-10,4,57
1747347720.203139809,252518,14663,-10,5,56
1747347720.203139809,252518,14664,-10,6,56
1747347720.203139809,252518,14665,-10,6,58
1747347720.203139809,252518,14666,-10,4,60
1747347720.203139809,252518,14667,-10,6,58
1747347720.203139809,252518,14668,-10,8,56
1747347720.203139809,252518,14669,-10,8,51
1747347720.203139809,252518,14670,-10,6,53
1747347720.203139809,252518,14671,-10,6,54
1747347720.203139809,252518,14672,-10,5,54
1747347720.203139809,252518,14673,-10,13,52
1747347720.203139809,252518,14674,-10,11,54
1747347720.203139809,252518,14675,-10,8,57
1747347720.203139809,252518,14676,-10,11,54
1747347720.203139809,252518,14677,-10,9,52
1747347720.203139809,252518,14678,-10,7,54
1747347720.203139809,252518,14679,-10,14,48
1747347720.203139809,252518,14680,-10,12,50
1747347720.203139809,252518,14681,-10,14,50
1747347720.203139809,252518,14682,-10,13,50
1747347720.203139809,252518,14683,-10,8,57
1747347720.203139809,252518,14684,-10,14,51
1747347720.203139809,252518,14685,-10,10,51
1747347720.203139809,252518,14686,-10,9,52
1747347720.203139809,252518,14687,-10,12,48
1747347720.203139809,252518,14688,-10,7,53
1747347720.203139809,252518,14689,-10,11,52
1747347720.203139809,252518,14690,-10,11,50
1747347720.203139809,252518,14691,-10,11,51
1747347720.203139809,252518,14692,-10,12,50
1747347720.203139809,252518,14693,-10,10,48
1747347720.203139809,252518,14694,-10,10,49
1747347720.203139809,252518,14695,-10,11,48
1747347720.203139809,252518,14696,-10,11,47
1747347720.203139809,252518,14697,-10,13,50
1747347720.203139809,252518,14698,-10,12,50
1747347720.203139809,252518,14699,-10,8,54
1747347720.203139809,252518,14700,-10,10,52
1747347720.203139809,252518,14701,-10,12,47
1747347720.203139809,252518,14702,-10,12,46
1747347720.203139809,252518,14703,-10,9,49
1747347720.203139809,252518,14704,-10,10,49
1747347720.203139809,252518,14705,-10,12,56
1747347720.203139809,252518,14706,-10,6,62
1747347720.203139809,252518,14707,-10,8,59
1747347720.203139809,252518,14708,-10,7,61
1747347720.203139809,252518,14709,-10,5,57
1747347720.203139809,252518,14710,-10,5,56
1747347720.203139809,252518,14711,-10,7,54
1747347720.203139809,252518,14712,-10,5,57
1747347720.203139809,252518,14713,-10,11,51
1747347720.203139809,252518,14714,-10,11,52
1747347720.203139809,252518,14715,-10,11,52
1747347720.203139809,252518,14716,-10,10,53
1747347720.203139809,252518,14717,-10,7,51
1747347720.203139809,252518,14718,-10,11,48
1747347720.203139809,252518,14719,-10,11,47
1747347720.203139809,252518,14720,-10,9,49
1747347720.203139809,252518,14721,-10,12,50
1747347720.203139809,252518,14722,-10,14,48
1747347720.203139809,252518,14723,-10,13,49
1747347720.203139809,252518,14724,-10,10,52
1747347720.203139809,252518,14725,-10,11,47
1747347720.203139809,252518,14726,-10,10,48
1747347720.203139809,252518,14727,-10,10,48
1747347720.203139809,252518,14728,-10,10,47
1747347720.203139809,252518,14729,-10,13,52
1747347720.203139809,252518,14730,-10,8,56
1747347720.203139809,252518,14731,-10,13,52
1747347720.203139809,252518,14732,-10,9,55
1747347720.203139809,252518,14733,-10,12,48
1747347720.203139809,252518,14734,-10,12,48
1747347720.203139809,252518,14735,-10,14,47
1747347720.203139809,252518,14736,-10,12,48
1747347720.203139809,252518,14737,-10,9,47
1747347720.203139809,252518,14738,-10,7,49
1747347720.203139809,252518,14739,-10,10,46
1747347720.203139809,252518,14740,-10,10,48
1747347720.203139809,252518,14741,-10,7,46
1747347720.203139809,252518,14742,-10,9,44
1747347720.203139809,252518,14743,-10,7,47
1747347720.203139809,252518,14744,-10,12,40
1747347720.203139809,252518,14745,-10,5,59
1747347720.203139809,252518,14746,-10,5,60
1747347720.203139809,252518,14747,-10,5,60
1747347720.203139809,252518,14748,-10,4,60
1747347720.203139809,252518,14749,-10,5,54
1747347720.203139809,252518,14750,-10,8,50
1747347720.203139809,252518,14751,-10,6,53
1747347720.203139809,252518,14752,-10,5,54
1747347720.203139809,252518,14753,-10,4,60
1747347720.203139809,252518,14754,-10,5,58
1747347720.203139809,252518,14755,-10,5,59
1747347720.203139809,252518,14756,-10,2,61
1747347720.203139809,252518,14757,-10,5,54
1747347720.203139809,252518,14758,-10,6,52
1747347720.203139809,252518,14759,-10,8,50
1747347720.203139809,252518,14760,-10,6,52
1747347720.203139809,252518,14761,-10,9,47
1747347720.203139809,252518,14762,-10,10,45
1747347720.203139809,252518,14763,-10,7,48
1747347720.203139809,252518,14764,-10,7,48
1747347720.203139809,252518,14765,-10,7,43
1747347720.203139809,252518,14766,-10,8,42
1747347720.203139809,252518,14767,-10,10,40
1747347720.203139809,252518,14768,-10,7,43
1747347720.203139809,252519,14777,-10,5,57
1747347720.203139809,252519,14778,-10,6,57
1747347720.203139809,252519,14779,-10,4,59
1747347720.203139809,252519,14780,-10,5,58
1747347720.203139809,252519,14781,-10,5,52
1747347720.203139809,252519,14782,-10,6,53
1747347720.203139809,252519,14783,-10,5,52
1747347720.203139809,252519,14784,-10,4,54
1747347720.203139809,252519,14785,-10,6,57
1747347720.203139809,252519,14786,-10,6,56
1747347720.203139809,252519,14787,-10,5,58
1747347720.203139809,252519,14788,-10,3,60
1747347720.203139809,252519,14789,-10,6,51
1747347720.203139809,252519,14790,-10,5,52
1747347720.203139809,252519,14791,-10,4,54
1747347720.203139809,252519,14792,-10,2,55
1747347720.203139809,252519,14793,-10,10,53
1747347720.203139809,252519,14794,-10,10,53
1747347720.203139809,252519,14795,-10,9,54
1747347720.203139809,252519,14796,-10,7,57
1747347720.203139809,252519,14797,-10,11,49
1747347720.203139809,252519,14798,-10,11,48
1747347720.203139809,252519,14799,-10,8,55
1747347720.203139809,252519,14800,-10,9,53
1747347720.203139809,252519,14801,-10,6,61
1747347720.203139809,252519,14802,-10,5,63
1747347720.203139809,252519,14803,-10,8,59
1747347720.203139809,252519,14804,-10,4,64
1747347720.203139809,252519,14805,-10,4,57
1747347720.203139809,252519,14806,-10,5,57
1747347720.203139809,252519,14807,-10,5,58
1747347720.203139809,252519,14808,-10,5,59
1747347720.203139809,252519,14809,-10,9,56
1747347720.203139809,252519,14810,-10,14,52
1747347720.203139809,252519,14811,-10,13,52
1747347720.203139809,252519,14812,-10,13,53
1747347720.203139809,252519,14813,-10,11,50
1747347720.203139809,252519,14814,-10,11,51
1747347720.203139809,252519,14815,-10,10,51
1747347720.203139809,252519,14816,-10,12,49
1747347720.203139809,252519,14817,-10,4,61
1747347720.203139809,252519,14818,-10,4,60
1747347720.203139809,252519,14819,-10,4,61
1747347720.203139809,252519,14820,-10,7,58
1747347720.203139809,252519,14821,-10,5,54
1747347720.203139809,252519,14822,-10,6,54
1747347720.203139809,252519,14823,-10,7,53
1747347720.203139809,252519,14824,-10,5,54
1747347720.203139809,252519,14825,-10,14,52
1747347720.203139809,252519,14826,-10,12,53
1747347720.203139809,252519,14827,-10,10,56
1747347720.203139809,252519,14828,-10,11,55
1747347720.203139809,252519,14829,-10,10,52
1747347720.203139809,252519,14830,-10,13,50
1747347720.203139809,252519,14831,-10,12,50
1747347720.203139809,252519,14832,-10,12,51
1747347720.203139809,252519,14833,-10,9,58
1747347720.203139809,252519,14834,-10,14,53
1747347720.203139809,252519,14835,-10,9,58
1747347720.203139809,252519,14836,-10,11,57
1747347720.203139809,252519,14837,-10,12,52
1747347720.203139809,252519,14838,-10,11,53
1747347720.203139809,252519,14839,-10,12,51
1747347720.203139809,252519,14840,-10,9,54
1747347720.203139809,252519,14841,-10,5,60
1747347720.203139809,252519,14842,-10,4,62
1747347720.203139809,252519,14843,-10,7,60
1747347720.203139809,252519,14844,-10,4,63
1747347720.203139809,252519,14845,-10,4,57
1747347720.203139809,252519,14846,-10,6,56
1747347720.203139809,252519,14847,-10,4,57
1747347720.203139809,252519,14848,-10,3,59
1747347720.203139809,252519,14849,-10,11,57
1747347720.203139809,252519,14850,-10,11,58
1747347720.203139809,252519,14851,-10,11,59
1747347720.203139809,252519,14852,-10,13,55
1747347720.203139809,252519,14853,-10,10,54
1747347720.203139809,252519,14854,-10,14,51
1747347720.203139809,252519,14855,-10,12,52
1747347720.203139809,252519,14856,-10,10,55
1747347720.203139809,252519,14865,-10,8,59
1747347720.203139809,252519,14866,-10,9,58
1747347720.203139809,252519,14867,-10,17,50
1747347720.203139809,252519,14868,-10,12,56
1747347720.203139809,252519,14869,-10,12,52
1747347720.203139809,252519,14870,-10,10,54
1747347720.203139809,252519,14871,-10,11,54
1747347720.203139809,252519,14872,-10,11,52
1747347720.203139809,252519,14873,-10,4,64
1747347720.203139809,252519,14874,-10,8,60
1747347720.203139809,252519,14875,-10,9,58
1747347720.203139809,252519,14876,-10,4,64
1747347720.203139809,252519,14877,-10,8,54
1747347720.203139809,252519,14878,-10,5,58
1747347720.203139809,252519,14879,-10,5,57
1747347720.203139809,252519,14880,-10,4,58
1747347720.203139809,252518,14611,19,0,2
1747347720.203139809,252518,14613,19,1,0
1747347720.203139809,252518,14615,19,0,1
1747347720.203139809,252518,14617,19,0,1
1747347720.203139809,252518,14619,19,0,1
1747347720.203139809,252518,14621,19,0,4
1747347720.203139809,252518,14623,19,0,0
1747347720.203139809,252518,14624,19,0,1
1747347720.203139809,252518,14627,19,0,1
1747347720.203139809,252518,14628,19,0,1
1747347720.203139809,252518,14630,19,0,1
1747347720.203139809,252518,14633,19,0,1
1747347720.203139809,252518,14634,19,0,0
1747347720.203139809,252518,14636,19,0,1
1747347720.203139809,252518,14638,19,0,1
1747347720.203139809,252518,14640,19,0,1
end sample
1747347722.447435644,252518,14609,-10,13,61
1747347722.447435644,252518,14610,-10,12,62
1747347722.447435644,252518,14612,-10,14,60
1747347722.447435644,252518,14614,-10,13,62
1747347722.447435644,252518,14616,-10,12,58
1747347722.447435644,252518,14618,-10,14,57
1747347722.447435644,252518,14620,-10,9,61
1747347722.447435644,252518,14622,-10,15,55
1747347722.447435644,252518,14625,-10,13,62
1747347722.447435644,252518,14626,-10,11,63
1747347722.447435644,252518,14629,-10,12,64
1747347722.447435644,252518,14631,-10,12,63
1747347722.447435644,252518,14632,-10,12,59
1747347722.447435644,252518,14635,-10,10,61
1747347722.447435644,252518,14637,-10,14,56
1747347722.447435644,252518,14639,-10,14,57
1747347722.447435644,252518,14673,-10,16,62
1747347722.447435644,252518,14674,-10,13,65
1747347722.447435644,252518,14675,-10,9,68
1747347722.447435644,252518,14676,-10,13,66
1747347722.447435644,252518,14677,-10,11,62
1747347722.447435644,252518,14678,-10,11,62
1747347722.447435644,252518,14679,-10,16,58
1747347722.447435644,252518,14680,-10,14,60
1747347722.447435644,252518,14681,-10,16,63
1747347722.447435644,252518,14682,-10,14,64
1747347722.447435644,252518,14683,-10,10,70
1747347722.447435644,252518,14684,-10,16,64
1747347722.447435644,252518,14685,-10,12,63
1747347722.447435644,252518,14686,-10,11,64
1747347722.447435644,252518,14687,-10,13,61
1747347722.447435644,252518,14688,-10,10,65
1747347722.447435644,252518,14689,-10,14,59
1747347722.447435644,252518,14690,-10,13,59
1747347722.447435644,252518,14691,-10,13,60
1747347722.447435644,252518,14692,-10,15,58
1747347722.447435644,252518,14693,-10,11,58
1747347722.447435644,252518,14694,-10,11,58
1747347722.447435644,252518,14695,-10,12,57
1747347722.447435644,252518,14696,-10,13,55
1747347722.447435644,252518,14697,-10,16,57
1747347722.447435644,252518,14698,-10,14,58
1747347722.447435644,252518,14699,-10,10,63
1747347722.447435644,252518,14700,-10,12,60
1747347722.447435644,252518,14701,-10,13,55
1747347722.447435644,252518,14702,-10,14,54
1747347722.447435644,252518,14703,-10,11,57
1747347722.447435644,252518,14704,-10,12,56
1747347722.447435644,252518,14713,-10,14,62
1747347722.447435644,252518,14714,-10,14,62
1747347722.447435644,252518,14715,-10,14,62
1747347722.447435644,252518,14716,-10,12,65
1747347722.447435644,252518,14717,-10,9,62
1747347722.447435644,252518,14718,-10,12,59
1747347722.447435644,252518,14719,-10,14,58
1747347722.447435644,252518,14720,-10,10,61
1747347722.447435644,252518,14721,-10,13,58
1747347722.447435644,252518,14722,-10,15,57
1747347722.447435644,252518,14723,-10,14,58
1747347722.447435644,252518,14724,-10,12,60
1747347722.447435644,252518,14725,-10,12,55
1747347722.447435644,252518,14726,-10,13,55
1747347722.447435644,252518,14727,-10,10,57
1747347722.447435644,252518,14728,-10,11,56
1747347722.447435644,252518,14729,-10,14,67
1747347722.447435644,252518,14730,-10,9,72
1747347722.447435644,252518,14731,-10,14,68
1747347722.447435644,252518,14732,-10,13,69
1747347722.447435644,252518,14733,-10,12,64
1747347722.447435644,252518,14734,-10,13,62
1747347722.447435644,252518,14735,-10,14,63
1747347722.447435644,252518,14736,-10,14,62
1747347722.447435644,252518,14737,-10,12,56
1747347722.447435644,252518,14738,-10,8,60
1747347722.447435644,252518,14739,-10,12,56
1747347722.447435644,252518,14740,-10,13,57
1747347722.447435644,252518,14741,-10,9,55
1747347722.447435644,252518,14742,-10,12,52
1747347722.447435644,252518,14743,-10,10,55
1747347722.447435644,252518,14744,-10,14,49
1747347722.447435644,252518,14761,-10,9,56
1747347722.447435644,252518,14762,-10,12,53
1747347722.447435644,252518,14763,-10,8,58
1747347722.447435644,252518,14764,-10,7,58
1747347722.447435644,252518,14765,-10,9,51
1747347722.447435644,252518,14766,-10,8,52
1747347722.447435644,252518,14767,-10,13,48
1747347722.447435644,252518,14768,-10,8,53
1747347722.447435644,252519,14793,-10,14,63
1747347722.447435644,252519,14794,-10,11,66
1747347722.447435644,252519,14795,-10,11,66
1747347722.447435644,252519,14796,-10,8,69
1747347722.447435644,252519,14797,-10,11,62
1747347722.447435644,252519,14798,-10,11,61
1747347722.447435644,252519,14799,-10,10,64
1747347722.447435644,252519,14800,-10,9,63
1747347722.447435644,252519,14809,-10,10,63
1747347722.447435644,252519,14810,-10,15,58
1747347722.447435644,252519,14811,-10,15,58
1747347722.447435644,252519,14812,-10,13,60
1747347722.447435644,252519,14813,-10,13,56
1747347722.447435644,252519,14814,-10,12,57
1747347722.447435644,252519,14815,-10,11,57
1747347722.447435644,252519,14816,-10,12,57
1747347722.447435644,252519,14825,-10,16,58
1747347722.447435644,252519,14826,-10,13,60
1747347722.447435644,252519,14827,-10,11,62
1747347722.447435644,252519,14828,-10,13,61
1747347722.447435644,252519,14829,-10,12,58
1747347722.447435644,252519,14830,-10,13,55
1747347722.447435644,252519,14831,-10,13,55
1747347722.447435644,252519,14832,-10,13,56
1747347722.447435644,252519,14833,-10,11,62
1747347722.447435644,252519,14834,-10,15,59
1747347722.447435644,252519,14835,-10,10,64
1747347722.447435644,252519,14836,-10,11,63
1747347722.447435644,252519,14837,-10,14,57
1747347722.447435644,252519,14838,-10,11,59
1747347722.447435644,252519,14839,-10,13,56
1747347722.447435644,252519,14840,-10,10,59
1747347722.447435644,252519,14841,-10,6,69
1747347722.447435644,252519,14842,-10,5,69
1747347722.447435644,252519,14843,-10,7,68
1747347722.447435644,252519,14844,-10,4,70
1747347722.447435644,252519,14845,-10,4,65
1747347722.447435644,252519,14847,-10,4,65
1747347722.447435644,252519,14848,-10,4,65
1747347722.447435644,252519,14849,-10,11,63
1747347722.447435644,252519,14850,-10,11,65
1747347722.447435644,252519,14851,-10,12,64
1747347722.447435644,252519,14852,-10,15,61
1747347722.447435644,252519,14853,-10,12,59
1747347722.447435644,252519,14854,-10,14,57
1747347722.447435644,252519,14855,-10,14,56
1747347722.447435644,252519,14856,-10,11,59
1747347722.447435644,252519,14865,-10,9,64
1747347722.447435644,252519,14866,-10,10,63
1747347722.447435644,252519,14867,-10,17,57
1747347722.447435644,252519,14868,-10,13,61
1747347722.447435644,252519,14869,-10,12,58
1747347722.447435644,252519,14870,-10,11,59
1747347722.447435644,252519,14871,-10,12,59
1747347722.447435644,252519,14872,-10,12,58
1747347722.447435644,252518,14611,19,0,2
1747347722.447435644,252518,14613,19,1,0
1747347722.447435644,252518,14615,19,0,1
1747347722.447435644,252518,14617,19,0,1
1747347722.447435644,252518,14619,19,0,1
1747347722.447435644,252518,14621,19,0,4
1747347722.447435644,252518,14623,19,0,0
1747347722.447435644,252518,14624,19,0,1
1747347722.447435644,252518,14627,19,0,1
1747347722.447435644,252518,14628,19,0,1
1747347722.447435644,252518,14630,19,0,1
1747347722.447435644,252518,14633,19,0,1
1747347722.447435644,252518,14634,19,0,0
1747347722.447435644,252518,14636,19,0,1
1747347722.447435644,252518,14638,19,0,1
1747347722.447435644,252518,14640,19,0,1
end sample
1747347722.622278118,252518,14609,-10,13,63
1747347722.622278118,252518,14610,-10,12,64
1747347722.622278118,252518,14612,-10,14,62
1747347722.622278118,252518,14614,-10,13,63
1747347722.622278118,252518,14616,-10,12,59
1747347722.622278118,252518,14618,-10,14,58
1747347722.622278118,252518,14620,-10,9,62
1747347722.622278118,252518,14622,-10,15,57
1747347722.622278118,252518,14625,-10,13,64
1747347722.622278118,252518,14626,-10,11,65
1747347722.622278118,252518,14629,-10,12,65
1747347722.622278118,252518,14631,-10,12,65
1747347722.622278118,252518,14632,-10,12,60
1747347722.622278118,252518,14635,-10,10,62
1747347722.622278118,252518,14637,-10,14,58
1747347722.622278118,252518,14639,-10,14,58
1747347722.622278118,252518,14673,-10,16,63
1747347722.622278118,252518,14674,-10,13,67
1747347722.622278118,252518,14675,-10,11,68
1747347722.622278118,252518,14676,-10,13,68
1747347722.622278118,252518,14677,-10,12,63
1747347722.622278118,252518,14678,-10,11,64
1747347722.622278118,252518,14679,-10,16,60
1747347722.622278118,252518,14680,-10,14,62
1747347722.622278118,252518,14681,-10,16,66
1747347722.622278118,252518,14682,-10,14,66
1747347722.622278118,252518,14683,-10,10,72
1747347722.622278118,252518,14684,-10,16,66
1747347722.622278118,252518,14685,-10,12,65
1747347722.622278118,252518,14686,-10,11,66
1747347722.622278118,252518,14687,-10,13,63
1747347722.622278118,252518,14688,-10,10,67
1747347722.622278118,252518,14689,-10,14,61
1747347722.622278118,252518,14690,-10,13,61
1747347722.622278118,252518,14691,-10,13,62
1747347722.622278118,252518,14692,-10,15,60
1747347722.622278118,252518,14693,-10,12,59
1747347722.622278118,252518,14694,-10,11,60
1747347722.622278118,252518,14695,-10,12,59
1747347722.622278118,252518,14696,-10,14,56
1747347722.622278118,252518,14697,-10,16,59
1747347722.622278118,252518,14698,-10,15,59
1747347722.622278118,252518,14699,-10,10,65
1747347722.622278118,252518,14700,-10,12,62
1747347722.622278118,252518,14701,-10,14,57
1747347722.622278118,252518,14702,-10,14,56
1747347722.622278118,252518,14703,-10,11,59
1747347722.622278118,252518,14704,-10,13,58
1747347722.622278118,252518,14713,-10,15,63
1747347722.622278118,252518,14714,-10,15,63
1747347722.622278118,252518,14715,-10,14,65
1747347722.622278118,252518,14716,-10,12,66
1747347722.622278118,252518,14717,-10,9,64
1747347722.622278118,252518,14718,-10,14,60
1747347722.622278118,252518,14719,-10,14,60
1747347722.622278118,252518,14720,-10,11,63
1747347722.622278118,252518,14721,-10,14,59
1747347722.622278118,252518,14722,-10,15,58
1747347722.622278118,252518,14723,-10,15,59
1747347722.622278118,252518,14724,-10,12,61
1747347722.622278118,252518,14725,-10,12,57
1747347722.622278118,252518,14726,-10,13,56
1747347722.622278118,252518,14727,-10,10,58
1747347722.622278118,252518,14728,-10,11,57
1747347722.622278118,252518,14729,-10,15,68
1747347722.622278118,252518,14730,-10,10,73
1747347722.622278118,252518,14731,-10,14,69
1747347722.622278118,252518,14732,-10,13,71
1747347722.622278118,252518,14733,-10,13,66
1747347722.622278118,252518,14734,-10,13,64
1747347722.622278118,252518,14735,-10,15,64
1747347722.622278118,252518,14736,-10,14,64
1747347722.622278118,252518,14737,-10,12,58
1747347722.622278118,252518,14738,-10,8,63
1747347722.622278118,252518,14739,-10,12,58
1747347722.622278118,252518,14740,-10,13,59
1747347722.622278118,252518,14741,-10,10,57
1747347722.622278118,252518,14742,-10,12,54
1747347722.622278118,252518,14743,-10,10,58
1747347722.622278118,252518,14744,-10,14,51
1747347722.622278118,252518,14761,-10,10,58
1747347722.622278118,252518,14762,-10,13,55
1747347722.622278118,252518,14763,-10,8,60
1747347722.622278118,252518,14764,-10,8,60
1747347722.622278118,252518,14765,-10,9,54
1747347722.622278118,252518,14766,-10,8,55
1747347722.622278118,252518,14767,-10,13,50
1747347722.622278118,252518,14768,-10,8,55
1747347722.622278118,252519,14793,-10,14,65
1747347722.622278118,252519,14794,-10,11,69
1747347722.622278118,252519,14795,-10,11,69
1747347722.622278118,252519,14796,-10,8,71
1747347722.622278118,252519,14797,-10,11,64
1747347722.622278118,252519,14798,-10,12,63
1747347722.622278118,252519,14799,-10,10,65
1747347722.622278118,252519,14800,-10,9,65
1747347722.622278118,252519,14809,-10,10,64
1747347722.622278118,252519,14810,-10,15,59
1747347722.622278118,252519,14811,-10,16,59
1747347722.622278118,252519,14812,-10,14,61
1747347722.622278118,252519,14813,-10,13,57
1747347722.622278118,252519,14814,-10,13,57
1747347722.622278118,252519,14815,-10,12,59
1747347722.622278118,252519,14816,-10,12,58
1747347722.622278118,252519,14825,-10,16,60
1747347722.622278118,252519,14826,-10,13,61
1747347722.622278118,252519,14827,-10,12,63
1747347722.622278118,252519,14828,-10,13,63
1747347722.622278118,252519,14829,-10,13,58
1747347722.622278118,252519,14830,-10,14,56
1747347722.622278118,252519,14831,-10,13,56
1747347722.622278118,252519,14832,-10,13,57
1747347722.622278118,252519,14833,-10,12,63
1747347722.622278118,252519,14834,-10,15,60
1747347722.622278118,252519,14835,-10,10,65
1747347722.622278118,252519,14836,-10,11,64
1747347722.622278118,252519,14837,-10,14,58
1747347722.622278118,252519,14838,-10,12,60
1747347722.622278118,252519,14839,-10,13,58
1747347722.622278118,252519,14840,-10,11,61
1747347722.622278118,252519,14849,-10,13,64
1747347722.622278118,252519,14850,-10,11,66
1747347722.622278118,252519,14851,-10,12,66
1747347722.622278118,252519,14852,-10,15,63
1747347722.622278118,252519,14853,-10,13,61
1747347722.622278118,252519,14854,-10,15,58
1747347722.622278118,252519,14855,-10,14,58
1747347722.622278118,252519,14856,-10,12,61
1747347722.622278118,252519,14865,-10,10,66
1747347722.622278118,252519,14866,-10,10,65
1747347722.622278118,252519,14867,-10,17,58
1747347722.622278118,252519,14868,-10,13,63
1747347722.622278118,252519,14869,-10,13,59
1747347722.622278118,252519,14870,-10,11,61
1747347722.622278118,252519,14871,-10,12,61
1747347722.622278118,252519,14872,-10,12,60
1747347722.622278118,252518,14611,19,0,2
1747347722.622278118,252518,14613,19,1,0
1747347722.622278118,252518,14615,19,0,1
1747347722.622278118,252518,14617,19,0,1
1747347722.622278118,252518,14619,19,0,1
1747347722.622278118,252518,14621,19,0,4
1747347722.622278118,252518,14623,19,0,0
1747347722.622278118,252518,14624,19,0,1
1747347722.622278118,252518,14627,19,0,1
1747347722.622278118,252518,14628,19,0,1
1747347722.622278118,252518,14630,19,0,1
1747347722.622278118,252518,14633,19,0,1
1747347722.622278118,252518,14634,19,0,0
1747347722.622278118,252518,14636,19,0,1
1747347722.622278118,252518,14638,19,0,1
1747347722.622278118,252518,14640,19,0,1
end sample
1747347722.996512037,252518,14609,-10,14,66
1747347722.996512037,252518,14610,-10,13,67
1747347722.996512037,252518,14612,-10,14,66
1747347722.996512037,252518,14614,-10,13,67
1747347722.996512037,252518,14616,-10,12,64
1747347722.996512037,252518,14618,-10,15,62
1747347722.996512037,252518,14620,-10,10,66
1747347722.996512037,252518,14622,-10,16,60
1747347722.996512037,252518,14625,-10,14,67
1747347722.996512037,252518,14626,-10,13,68
1747347722.996512037,252518,14629,-10,13,69
1747347722.996512037,252518,14631,-10,12,70
1747347722.996512037,252518,14632,-10,12,64
1747347722.996512037,252518,14635,-10,11,66
1747347722.996512037,252518,14637,-10,14,62
1747347722.996512037,252518,14639,-10,15,62
1747347722.996512037,252518,14689,-10,14,65
1747347722.996512037,252518,14690,-10,14,64
1747347722.996512037,252518,14691,-10,13,65
1747347722.996512037,252518,14692,-10,17,62
1747347722.996512037,252518,14693,-10,12,63
1747347722.996512037,252518,14694,-10,11,64
1747347722.996512037,252518,14695,-10,12,63
1747347722.996512037,252518,14696,-10,15,59
1747347722.996512037,252518,14697,-10,17,63
1747347722.996512037,252518,14698,-10,15,64
1747347722.996512037,252518,14699,-10,11,69
1747347722.996512037,252518,14700,-10,14,65
1747347722.996512037,252518,14701,-10,15,60
1747347722.996512037,252518,14702,-10,14,60
1747347722.996512037,252518,14703,-10,12,63
1747347722.996512037,252518,14704,-10,14,60
1747347722.996512037,252518,14713,-10,16,67
1747347722.996512037,252518,14714,-10,17,66
1747347722.996512037,252518,14715,-10,15,68
1747347722.996512037,252518,14716,-10,12,70
1747347722.996512037,252518,14717,-10,10,68
1747347722.996512037,252518,14718,-10,15,62
1747347722.996512037,252518,14719,-10,15,63
1747347722.996512037,252518,14720,-10,11,67
1747347722.996512037,252518,14721,-10,14,62
1747347722.996512037,252518,14722,-10,17,59
1747347722.996512037,252518,14723,-10,15,61
1747347722.996512037,252518,14724,-10,13,63
1747347722.996512037,252518,14725,-10,13,59
1747347722.996512037,252518,14726,-10,14,58
1747347722.996512037,252518,14727,-10,11,61
1747347722.996512037,252518,14728,-10,12,60
1747347722.996512037,252518,14737,-10,14,61
1747347722.996512037,252518,14738,-10,8,67
1747347722.996512037,252518,14739,-10,14,61
1747347722.996512037,252518,14740,-10,13,63
1747347722.996512037,252518,14741,-10,11,61
1747347722.996512037,252518,14742,-10,13,58
1747347722.996512037,252518,14743,-10,10,62
1747347722.996512037,252518,14744,-10,15,55
1747347722.996512037,252518,14761,-10,10,63
1747347722.996512037,252518,14762,-10,14,59
1747347722.996512037,252518,14763,-10,8,64
1747347722.996512037,252518,14764,-10,9,63
1747347722.996512037,252518,14765,-10,10,57
1747347722.996512037,252518,14766,-10,8,59
1747347722.996512037,252518,14767,-10,13,55
1747347722.996512037,252518,14768,-10,8,59
1747347722.996512037,252519,14793,-10,15,69
1747347722.996512037,252519,14794,-10,13,72
1747347722.996512037,252519,14795,-10,11,73
1747347722.996512037,252519,14796,-10,8,76
1747347722.996512037,252519,14797,-10,11,68
1747347722.996512037,252519,14798,-10,12,66
1747347722.996512037,252519,14799,-10,10,70
1747347722.996512037,252519,14800,-10,10,69
1747347722.996512037,252519,14809,-10,11,66
1747347722.996512037,252519,14810,-10,15,62
1747347722.996512037,252519,14811,-10,16,61
1747347722.996512037,252519,14812,-10,15,63
1747347722.996512037,252519,14813,-10,13,60
1747347722.996512037,252519,14814,-10,13,59
1747347722.996512037,252519,14815,-10,12,61
1747347722.996512037,252519,14816,-10,14,59
1747347722.996512037,252519,14825,-10,16,64
1747347722.996512037,252519,14826,-10,13,66
1747347722.996512037,252519,14827,-10,12,68
1747347722.996512037,252519,14828,-10,14,66
1747347722.996512037,252519,14829,-10,13,62
1747347722.996512037,252519,14830,-10,14,60
1747347722.996512037,252519,14831,-10,13,61
1747347722.996512037,252519,14832,-10,14,61
1747347722.996512037,252519,14833,-10,12,67
1747347722.996512037,252519,14834,-10,16,64
1747347722.996512037,252519,14835,-10,10,69
1747347722.996512037,252519,14836,-10,12,68
1747347722.996512037,252519,14837,-10,14,63
1747347722.996512037,252519,14838,-10,12,64
1747347722.996512037,252519,14839,-10,14,61
1747347722.996512037,252519,14840,-10,11,65
1747347722.996512037,252519,14849,-10,15,67
1747347722.996512037,252519,14850,-10,13,70
1747347722.996512037,252519,14851,-10,14,69
1747347722.996512037,252519,14852,-10,16,67
1747347722.996512037,252519,14853,-10,14,64
1747347722.996512037,252519,14854,-10,16,62
1747347722.996512037,252519,14855,-10,15,61
1747347722.996512037,252519,14856,-10,13,65
1747347722.996512037,252519,14865,-10,10,71
1747347722.996512037,252519,14866,-10,11,70
1747347722.996512037,252519,14867,-10,17,63
1747347722.996512037,252519,14868,-10,13,68
1747347722.996512037,252519,14869,-10,14,63
1747347722.996512037,252519,14870,-10,12,65
1747347722.996512037,252519,14871,-10,13,64
1747347722.996512037,252519,14872,-10,12,64
1747347722.996512037,252518,14611,19,0,3
1747347722.996512037,252518,14613,19,1,1
1747347722.996512037,252518,14615,19,0,2
1747347722.996512037,252518,14617,19,1,2
1747347722.996512037,252518,14619,19,0,2
1747347722.996512037,252518,14621,19,0,4
1747347722.996512037,252518,14623,19,0,1
1747347722.996512037,252518,14624,19,0,2
1747347722.996512037,252518,14627,19,0,2
1747347722.996512037,252518,14628,19,0,2
1747347722.996512037,252518,14630,19,0,2
1747347722.996512037,252518,14633,19,0,2
1747347722.996512037,252518,14634,19,0,1
1747347722.996512037,252518,14636,19,0,2
1747347722.996512037,252518,14638,19,0,2
1747347722.996512037,252518,14640,19,0,2
end sample
1747347723.228571635,252518,14609,-10,15,71
1747347723.228571635,252518,14610,-10,14,72
1747347723.228571635,252518,14612,-10,15,71
1747347723.228571635,252518,14614,-10,14,72
1747347723.228571635,252518,14616,-10,12,68
1747347723.228571635,252518,14620,-10,11,71
1747347723.228571635,252518,14625,-10,14,70
1747347723.228571635,252518,14626,-10,13,71
1747347723.228571635,252518,14629,-10,13,72
1747347723.228571635,252518,14631,-10,12,73
1747347723.228571635,252518,14632,-10,12,67
1747347723.228571635,252518,14635,-10,11,69
1747347723.228571635,252518,14637,-10,14,65
1747347723.228571635,252518,14639,-10,15,65
1747347723.228571635,252518,14689,-10,15,68
1747347723.228571635,252518,14690,-10,15,66
1747347723.228571635,252518,14691,-10,14,67
1747347723.228571635,252518,14692,-10,17,65
1747347723.228571635,252518,14693,-10,12,65
1747347723.228571635,252518,14694,-10,12,67
1747347723.228571635,252518,14695,-10,12,65
1747347723.228571635,252518,14696,-10,15,62
1747347723.228571635,252518,14697,-10,17,66
1747347723.228571635,252518,14698,-10,16,67
1747347723.228571635,252518,14699,-10,11,73
1747347723.228571635,252518,14700,-10,14,69
1747347723.228571635,252518,14701,-10,15,64
1747347723.228571635,252518,14702,-10,15,64
1747347723.228571635,252518,14703,-10,13,66
1747347723.228571635,252518,14704,-10,15,63
1747347723.228571635,252518,14713,-10,17,70
1747347723.228571635,252518,14714,-10,19,69
1747347723.228571635,252518,14715,-10,15,73
1747347723.228571635,252518,14716,-10,13,75
1747347723.228571635,252518,14717,-10,12,72
1747347723.228571635,252518,14718,-10,16,67
1747347723.228571635,252518,14719,-10,16,67
1747347723.228571635,252518,14720,-10,13,70
1747347723.228571635,252518,14721,-10,14,65
1747347723.228571635,252518,14722,-10,17,63
1747347723.228571635,252518,14723,-10,16,64
1747347723.228571635,252518,14724,-10,13,67
1747347723.228571635,252518,14725,-10,14,62
1747347723.228571635,252518,14726,-10,14,61
1747347723.228571635,252518,14727,-10,11,64
1747347723.228571635,252518,14728,-10,12,63
1747347723.228571635,252518,14761,-10,11,67
1747347723.228571635,252518,14762,-10,14,62
1747347723.228571635,252518,14763,-10,9,68
1747347723.228571635,252518,14764,-10,10,66
1747347723.228571635,252518,14765,-10,10,62
1747347723.228571635,252518,14766,-10,8,63
1747347723.228571635,252518,14767,-10,14,58
1747347723.228571635,252518,14768,-10,8,63
1747347723.228571635,252519,14809,-10,12,70
1747347723.228571635,252519,14810,-10,17,65
1747347723.228571635,252519,14811,-10,17,65
1747347723.228571635,252519,14812,-10,15,67
1747347723.228571635,252519,14813,-10,14,63
1747347723.228571635,252519,14814,-10,14,63
1747347723.228571635,252519,14815,-10,12,65
1747347723.228571635,252519,14816,-10,14,63
1747347723.228571635,252519,14825,-10,16,68
1747347723.228571635,252519,14826,-10,14,70
1747347723.228571635,252519,14827,-10,12,72
1747347723.228571635,252519,14828,-10,14,70
1747347723.228571635,252519,14831,-10,14,65
1747347723.228571635,252519,14832,-10,14,64
1747347723.228571635,252519,14833,-10,13,70
1747347723.228571635,252519,14834,-10,16,67
1747347723.228571635,252519,14835,-10,11,72
1747347723.228571635,252519,14836,-10,13,71
1747347723.228571635,252519,14837,-10,14,67
1747347723.228571635,252519,14838,-10,13,67
1747347723.228571635,252519,14839,-10,15,64
1747347723.228571635,252519,14840,-10,11,69
1747347723.228571635,252519,14849,-10,16,70
1747347723.228571635,252519,14850,-10,13,74
1747347723.228571635,252519,14851,-10,14,72
1747347723.228571635,252519,14852,-10,16,70
1747347723.228571635,252519,14855,-10,15,66
1747347723.228571635,252519,14865,-10,10,74
1747347723.228571635,252519,14866,-10,11,73
1747347723.228571635,252519,14867,-10,18,66
1747347723.228571635,252519,14868,-10,13,71
1747347723.228571635,252519,14869,-10,14,66
1747347723.228571635,252519,14870,-10,12,68
1747347723.228571635,252519,14871,-10,13,68
1747347723.228571635,252519,14872,-10,13,67
1747347723.228571635,252518,14611,19,0,3
1747347723.228571635,252518,14613,19,1,2
1747347723.228571635,252518,14615,19,0,3
1747347723.228571635,252518,14617,19,1,2
1747347723.228571635,252518,14619,19,0,2
1747347723.228571635,252518,14621,19,0,5
1747347723.228571635,252518,14623,19,0,1
1747347723.228571635,252518,14624,19,0,2
1747347723.228571635,252518,14627,19,0,2
1747347723.228571635,252518,14628,19,0,2
1747347723.228571635,252518,14630,19,0,2
1747347723.228571635,252518,14633,19,0,2
1747347723.228571635,252518,14634,19,0,1
1747347723.228571635,252518,14636,19,0,2
1747347723.228571635,252518,14638,19,0,3
1747347723.228571635,252518,14640,19,0,2
end sample
1747347723.422049723,252518,14721,-10,15,69
1747347723.422049723,252518,14722,-10,17,67
1747347723.422049723,252518,14723,-10,17,68
1747347723.422049723,252518,14724,-10,14,70
1747347723.422049723,252518,14725,-10,14,66
1747347723.422049723,252518,14726,-10,15,65
1747347723.422049723,252518,14727,-10,11,69
1747347723.422049723,252518,14728,-10,13,67
1747347723.422049723,252518,14761,-10,11,70
1747347723.422049723,252518,14762,-10,14,65
1747347723.422049723,252518,14763,-10,9,72
1747347723.422049723,252518,14764,-10,11,69
1747347723.422049723,252518,14765,-10,10,65
1747347723.422049723,252518,14766,-10,8,67
1747347723.422049723,252518,14767,-10,15,61
1747347723.422049723,252518,14768,-10,9,66
1747347723.422049723,252519,14809,-10,12,73
1747347723.422049723,252519,14810,-10,17,68
1747347723.422049723,252519,14811,-10,17,68
1747347723.422049723,252519,14812,-10,15,70
1747347723.422049723,252519,14813,-10,14,66
1747347723.422049723,252519,14814,-10,15,66
1747347723.422049723,252519,14815,-10,13,67
1747347723.422049723,252518,14611,19,0,5
1747347723.422049723,252518,14613,19,1,4
1747347723.422049723,252518,14615,19,0,5
1747347723.422049723,252518,14617,19,1,4
1747347723.422049723,252518,14619,19,0,4
1747347723.422049723,252518,14621,19,0,7
1747347723.422049723,252518,14623,19,0,3
1747347723.422049723,252518,14624,19,0,4
1747347723.422049723,252518,14627,19,0,4
1747347723.422049723,252518,14628,19,0,4
1747347723.422049723,252518,14630,19,0,4
1747347723.422049723,252518,14633,19,0,4
1747347723.422049723,252518,14634,19,1,3
1747347723.422049723,252518,14636,19,0,4
1747347723.422049723,252518,14638,19,0,4
1747347723.422049723,252518,14640,19,0,4
end sample
Time: 12.381
1747347723.529524905,252518,14611,19,0,10
1747347723.529524905,252518,14613,19,1,9
1747347723.529524905,252518,14615,19,1,10
1747347723.529524905,252518,14617,19,1,10
1747347723.529524905,252518,14619,19,0,9
1747347723.529524905,252518,14621,19,1,12
1747347723.529524905,252518,14623,19,1,9
1747347723.529524905,252518,14624,19,1,8
1747347723.529524905,252518,14627,19,1,10
1747347723.529524905,252518,14628,19,1,9
1747347723.529524905,252518,14630,19,0,10
1747347723.529524905,252518,14633,19,1,10
1747347723.529524905,252518,14634,19,1,9
1747347723.529524905,252518,14636,19,1,9
1747347723.529524905,252518,14638,19,1,10
1747347723.529524905,252518,14640,19,1,11
end sample
1747347723.636351597,252518,14611,19,2,19
1747347723.636351597,252518,14613,19,2,19
1747347723.636351597,252518,14615,19,2,19
1747347723.636351597,252518,14617,19,1,19
1747347723.636351597,252518,14619,19,3,17
1747347723.636351597,252518,14621,19,1,22
1747347723.636351597,252518,14623,19,1,19
1747347723.636351597,252518,14624,19,2,18
1747347723.636351597,252518,14627,19,2,19
1747347723.636351597,252518,14628,19,3,17
1747347723.636351597,252518,14630,19,2,19
1747347723.636351597,252518,14633,19,2,19
1747347723.636351597,252518,14634,19,3,18
1747347723.636351597,252518,14636,19,3,17
1747347723.636351597,252518,14638,19,2,18
1747347723.636351597,252518,14640,19,2,19
end sample
1747347723.749703886,252518,14611,19,3,29
1747347723.749703886,252518,14613,19,3,29
1747347723.749703886,252518,14615,19,3,29
1747347723.749703886,252518,14617,19,3,29
1747347723.749703886,252518,14619,19,3,27
1747347723.749703886,252518,14621,19,2,32
1747347723.749703886,252518,14623,19,2,29
1747347723.749703886,252518,14624,19,3,28
1747347723.749703886,252518,14627,19,3,29
1747347723.749703886,252518,14628,19,4,28
1747347723.749703886,252518,14630,19,3,29
1747347723.749703886,252518,14633,19,3,29
1747347723.749703886,252518,14634,19,3,28
1747347723.749703886,252518,14636,19,5,26
1747347723.749703886,252518,14638,19,3,28
1747347723.749703886,252518,14640,19,3,30
end sample
1747347723.858158349,252518,14611,19,4,37
1747347723.858158349,252518,14613,19,5,37
1747347723.858158349,252518,14615,19,4,38
1747347723.858158349,252518,14617,19,4,38
1747347723.858158349,252518,14619,19,4,37
1747347723.858158349,252518,14621,19,4,41
1747347723.858158349,252518,14623,19,3,38
1747347723.858158349,252518,14624,19,5,37
1747347723.858158349,252518,14627,19,5,37
1747347723.858158349,252518,14628,19,5,37
1747347723.858158349,252518,14630,19,5,37
1747347723.858158349,252518,14633,19,4,39
1747347723.858158349,252518,14634,19,4,38
1747347723.858158349,252518,14636,19,6,35
1747347723.858158349,252518,14638,19,4,38
1747347723.858158349,252518,14640,19,4,39
end sample
1747347723.969661194,252518,14611,19,4,48
1747347723.969661194,252518,14613,19,8,45
1747347723.969661194,252518,14615,19,5,48
1747347723.969661194,252518,14617,19,7,46
1747347723.969661194,252518,14619,19,5,47
1747347723.969661194,252518,14621,19,6,50
1747347723.969661194,252518,14623,19,5,48
1747347723.969661194,252518,14624,19,7,46
1747347723.969661194,252518,14627,19,6,47
1747347723.969661194,252518,14628,19,6,47
1747347723.969661194,252518,14630,19,5,47
1747347723.969661194,252518,14633,19,4,49
1747347723.969661194,252518,14634,19,5,47
1747347723.969661194,252518,14636,19,7,45
1747347723.969661194,252518,14638,19,5,47
1747347723.969661194,252518,14640,19,5,48
end sample
1747347724.076503936,252518,14611,19,8,55
1747347724.076503936,252518,14613,19,10,53
1747347724.076503936,252518,14615,19,7,57
1747347724.076503936,252518,14617,19,8,56
1747347724.076503936,252518,14619,19,5,57
1747347724.076503936,252518,14621,19,7,59
1747347724.076503936,252518,14623,19,5,58
1747347724.076503936,252518,14624,19,8,55
1747347724.076503936,252518,14627,19,7,56
1747347724.076503936,252518,14628,19,8,55
1747347724.076503936,252518,14630,19,6,57
1747347724.076503936,252518,14633,19,4,59
1747347724.076503936,252518,14634,19,5,57
1747347724.076503936,252518,14636,19,7,55
1747347724.076503936,252518,14638,19,7,56
1747347724.076503936,252518,14640,19,7,57
end sample
1747347724.186091862,252518,14611,19,9,65
1747347724.186091862,252518,14613,19,11,63
1747347724.186091862,252518,14615,19,8,67
1747347724.186091862,252518,14617,19,10,65
1747347724.186091862,252518,14619,19,6,67
1747347724.186091862,252518,14621,19,8,69
1747347724.186091862,252518,14623,19,7,67
1747347724.186091862,252518,14624,19,9,64
1747347724.186091862,252518,14627,19,9,64
1747347724.186091862,252518,14628,19,9,64
1747347724.186091862,252518,14630,19,7,66
1747347724.186091862,252518,14633,19,5,68
1747347724.186091862,252518,14634,19,5,68
1747347724.186091862,252518,14636,19,8,64
1747347724.186091862,252518,14638,19,8,65
1747347724.186091862,252518,14640,19,8,66
end sample
1747347724.293211967,252518,14611,19,10,75
1747347724.293211967,252518,14613,19,12,73
1747347724.293211967,252518,14615,19,10,75
1747347724.293211967,252518,14617,19,10,75
1747347724.293211967,252518,14619,19,7,77
1747347724.293211967,252518,14621,19,10,78
1747347724.293211967,252518,14623,19,8,76
1747347724.293211967,252518,14624,19,10,74
1747347724.293211967,252518,14627,19,10,74
1747347724.293211967,252518,14628,19,10,74
1747347724.293211967,252518,14630,19,8,76
1747347724.293211967,252518,14633,19,5,79
1747347724.293211967,252518,14634,19,7,76
1747347724.293211967,252518,14636,19,11,72
1747347724.293211967,252518,14638,19,11,72
1747347724.293211967,252518,14640,19,9,76
end sample
1747347724.402156617,252518,14611,19,11,85
1747347724.402156617,252518,14613,19,14,82
1747347724.402156617,252518,14615,19,13,84
1747347724.402156617,252518,14617,19,12,84
1747347724.402156617,252518,14619,19,8,87
1747347724.402156617,252518,14621,19,10,89
1747347724.402156617,252518,14623,19,9,87
1747347724.402156617,252518,14624,19,10,85
1747347724.402156617,252518,14627,19,10,85
1747347724.402156617,252518,14628,19,11,83
1747347724.402156617,252518,14630,19,8,86
1747347724.402156617,252518,14633,19,6,89
1747347724.402156617,252518,14634,19,9,86
1747347724.402156617,252518,14636,19,12,82
1747347724.402156617,252518,14638,19,12,83
1747347724.402156617,252518,14640,19,10,86
end sample
1747347724.516970725,252518,14611,19,11,96
1747347724.516970725,252518,14613,19,17,90
1747347724.516970725,252518,14615,19,14,93
1747347724.516970725,252518,14617,19,13,94
1747347724.516970725,252518,14619,19,8,97
1747347724.516970725,252518,14621,19,11,98
1747347724.516970725,252518,14623,19,9,97
1747347724.516970725,252518,14624,19,11,94
1747347724.516970725,252518,14627,19,11,95
1747347724.516970725,252518,14628,19,13,92
1747347724.516970725,252518,14630,19,10,95
1747347724.516970725,252518,14633,19,9,96
1747347724.516970725,252518,14634,19,9,96
1747347724.516970725,252518,14636,19,13,91
1747347724.516970725,252518,14638,19,14,92
1747347724.516970725,252518,14640,19,12,94
end sample
Time: 13.508
# Starvation test complete
