682714
682716
682717
682718
682719
682720
682721
682722
682723
682724
682725
682726
682727
682728
682729
682730
682731
682732
682733
682734
682735
682736
682737
682738
682739
682740
682741
682742
682743
682744
682745
682746
682747
682748
682749
682750
682751
682752
682753
682754
682755
682756
682757
682758
682759
682760
682761
682762
682763
682764
682765
682766
682767
682768
682769
682770
682771
682772
682773
682774
682775
682776
682777
682778
682779
682780
682781
682782
682783
682784
682785
682786
682787
682788
682789
682790
682791
682792
682793
682794
682795
682796
682797
682798
682799
682800
682801
682802
682803
682804
682805
682806
682807
682808
682809
682810
682811
682812
682813
682814
682815
682816
682817
682818
682819
682820
682821
682822
682823
682824
682825
682826
682827
682828
682829
682830
682831
682832
682833
682834
682835
682836
682837
682838
682839
682840
682841
682842
682843
